# time = 0
# Grid points = 683
# Domain Size = 14
# Pressure (Pa) = 101325
#             1_pos             2_posf             3_rho             4_dvisc             5_uvel             6_vvel             7_wvel
  -6.9922423613e+00  -7.0000000000e+00   1.0000000000e+00   2.0000000000e-03   1.1113954167e-01  -1.6727283470e-01  -1.8581798068e-01
  -6.9745866990e+00  -6.9844847226e+00   1.0000000000e+00   2.0000000000e-03   1.9934173105e-01  -3.0433728922e-01  -3.3591013101e-01
  -6.9532327768e+00  -6.9646886753e+00   1.0000000000e+00   2.0000000000e-03   2.5534212906e-01  -4.0565095880e-01  -4.4030187415e-01
  -6.9332251566e+00  -6.9417768782e+00   1.0000000000e+00   2.0000000000e-03   2.4643822713e-01  -4.2432654521e-01  -4.4715444852e-01
  -6.9120878636e+00  -6.9246734349e+00   1.0000000000e+00   2.0000000000e-03   1.9755153314e-01  -3.9701528929e-01  -3.9867248454e-01
  -6.8896557359e+00  -6.8995022922e+00   1.0000000000e+00   2.0000000000e-03   1.0544108346e-01  -3.2419115789e-01  -2.9620056455e-01
  -6.8698201268e+00  -6.8798091796e+00   1.0000000000e+00   2.0000000000e-03   9.7753121610e-03  -2.4732714762e-01  -1.9189132863e-01
  -6.8411173907e+00  -6.8598310740e+00   1.0000000000e+00   2.0000000000e-03  -1.3673035194e-01  -1.3357328329e-01  -3.9854541320e-02
  -6.8069731654e+00  -6.8224037075e+00   1.0000000000e+00   2.0000000000e-03  -3.0165538827e-01  -2.2442621960e-02   1.0753278942e-01
  -6.7838094859e+00  -6.7915426234e+00   1.0000000000e+00   2.0000000000e-03  -3.9782031890e-01   3.2307167478e-02   1.7982122632e-01
  -6.7683432108e+00  -6.7760763483e+00   1.0000000000e+00   2.0000000000e-03  -4.5557964135e-01   6.2133336897e-02   2.1902158312e-01
  -6.7518211049e+00  -6.7606100733e+00   1.0000000000e+00   2.0000000000e-03  -5.1008074939e-01   8.7565618389e-02   2.5217439807e-01
  -6.7309244188e+00  -6.7430321366e+00   1.0000000000e+00   2.0000000000e-03  -5.6903845639e-01   1.1249968796e-01   2.8414043786e-01
  -6.7065564327e+00  -6.7188167010e+00   1.0000000000e+00   2.0000000000e-03  -6.2422952435e-01   1.3524305845e-01   3.1219055357e-01
  -6.6807347118e+00  -6.6942961644e+00   1.0000000000e+00   2.0000000000e-03  -6.7271381500e-01   1.5876901928e-01   3.3991295172e-01
  -6.6594136209e+00  -6.6671732592e+00   1.0000000000e+00   2.0000000000e-03  -7.0753940627e-01   1.8096432385e-01   3.6491544215e-01
  -6.6379624194e+00  -6.6516539825e+00   1.0000000000e+00   2.0000000000e-03  -7.4065339466e-01   2.0515417334e-01   3.9125766767e-01
  -6.6138540859e+00  -6.6242708562e+00   1.0000000000e+00   2.0000000000e-03  -7.7519506367e-01   2.3593157125e-01   4.2194432210e-01
  -6.5894856313e+00  -6.6034373156e+00   1.0000000000e+00   2.0000000000e-03  -8.0745166269e-01   2.6957432301e-01   4.5176340839e-01
  -6.5681322366e+00  -6.5755339470e+00   1.0000000000e+00   2.0000000000e-03  -8.3061090563e-01   3.0079040108e-01   4.7244984720e-01
  -6.5530769517e+00  -6.5607305263e+00   1.0000000000e+00   2.0000000000e-03  -8.4439673066e-01   3.2280964567e-01   4.8331719127e-01
  -6.5353246594e+00  -6.5454233771e+00   1.0000000000e+00   2.0000000000e-03  -8.5743884956e-01   3.4869995675e-01   4.9071536527e-01
  -6.5112742575e+00  -6.5252259418e+00   1.0000000000e+00   2.0000000000e-03  -8.7038388283e-01   3.8496587264e-01   4.9114985073e-01
  -6.4869058029e+00  -6.4973225732e+00   1.0000000000e+00   2.0000000000e-03  -8.8132178699e-01   4.2880582459e-01   4.8293070766e-01
  -6.4627974694e+00  -6.4764890326e+00   1.0000000000e+00   2.0000000000e-03  -8.9324298040e-01   4.7975476145e-01   4.7208449396e-01
  -6.4314052481e+00  -6.4491059063e+00   1.0000000000e+00   2.0000000000e-03  -9.1330512874e-01   5.6176905255e-01   4.5337931249e-01
  -6.3969100031e+00  -6.4137045900e+00   1.0000000000e+00   2.0000000000e-03  -9.3889742692e-01   6.6510971767e-01   4.0832102008e-01
  -6.3548764875e+00  -6.3801154162e+00   1.0000000000e+00   2.0000000000e-03  -9.6223051298e-01   7.9409478096e-01   1.6880654376e-01
  -6.3194612859e+00  -6.3296375588e+00   1.0000000000e+00   2.0000000000e-03  -9.2083721394e-01   7.3302192579e-01  -1.9292582577e-01
  -6.3011204510e+00  -6.3092850130e+00   1.0000000000e+00   2.0000000000e-03  -8.5262224692e-01   6.0625195957e-01  -3.7943697555e-01
  -6.2855301206e+00  -6.2929558889e+00   1.0000000000e+00   2.0000000000e-03  -7.5656061629e-01   4.4733157145e-01  -4.4978082459e-01
  -6.2707059183e+00  -6.2781043522e+00   1.0000000000e+00   2.0000000000e-03  -6.4153131591e-01   2.8111375186e-01  -4.3523546171e-01
  -6.2554745379e+00  -6.2633074843e+00   1.0000000000e+00   2.0000000000e-03  -5.0293276914e-01   1.1419906093e-01  -3.4029840205e-01
  -6.2401704343e+00  -6.2476415916e+00   1.0000000000e+00   2.0000000000e-03  -3.4126218500e-01  -5.6186748696e-02  -1.8752355400e-01
  -6.2249884377e+00  -6.2326992770e+00   1.0000000000e+00   2.0000000000e-03  -1.8421663736e-01  -2.0875278298e-01  -1.0717294491e-02
  -6.2088386507e+00  -6.2172775984e+00   1.0000000000e+00   2.0000000000e-03  -3.2078913542e-02  -3.5602168213e-01   1.7817953109e-01
  -6.1924647732e+00  -6.2003997030e+00   1.0000000000e+00   2.0000000000e-03   1.0545961234e-01  -4.8909435776e-01   3.5899740681e-01
  -6.1774512884e+00  -6.1845298433e+00   1.0000000000e+00   2.0000000000e-03   2.1872826161e-01  -5.7839641749e-01   5.0638618879e-01
  -6.1626963620e+00  -6.1703727336e+00   1.0000000000e+00   2.0000000000e-03   3.1944045637e-01  -6.1327169218e-01   6.2653530694e-01
  -6.1468266207e+00  -6.1550199904e+00   1.0000000000e+00   2.0000000000e-03   4.2229716190e-01  -5.6876876916e-01   7.2914456060e-01
  -6.1295065265e+00  -6.1386332511e+00   1.0000000000e+00   2.0000000000e-03   5.3286591682e-01  -4.1529866759e-01   8.1932225203e-01
  -6.1115292447e+00  -6.1203798020e+00   1.0000000000e+00   2.0000000000e-03   6.3368839178e-01  -2.0562655094e-01   8.9490380651e-01
  -6.0919123822e+00  -6.1026786874e+00   1.0000000000e+00   2.0000000000e-03   6.9791731450e-01   1.1221935513e-02   9.4547694277e-01
  -6.0730013803e+00  -6.0811460770e+00   1.0000000000e+00   2.0000000000e-03   7.2146222811e-01   1.0418851395e-01   9.6392160000e-01
  -6.0538768670e+00  -6.0648566835e+00   1.0000000000e+00   2.0000000000e-03   7.2448355917e-01   1.5682474525e-01   9.6588690075e-01
  -6.0356844607e+00  -6.0428970505e+00   1.0000000000e+00   2.0000000000e-03   7.0619678471e-01   7.9205573323e-02   9.5011809140e-01
  -6.0184586573e+00  -6.0284718708e+00   1.0000000000e+00   2.0000000000e-03   6.4710869229e-01  -1.7082004384e-01   8.9929807166e-01
  -5.9986771755e+00  -6.0084454438e+00   1.0000000000e+00   2.0000000000e-03   5.5705808170e-01  -3.7195173270e-01   8.2962091359e-01
  -5.9805855472e+00  -5.9889089071e+00   1.0000000000e+00   2.0000000000e-03   4.4033466578e-01  -5.5798208407e-01   7.3384134243e-01
  -5.9644397305e+00  -5.9722621873e+00   1.0000000000e+00   2.0000000000e-03   3.3749706115e-01  -6.2123253442e-01   6.3264083823e-01
  -5.9493921467e+00  -5.9566172738e+00   1.0000000000e+00   2.0000000000e-03   2.3687467202e-01  -6.0095562382e-01   5.1388850934e-01
  -5.9341211084e+00  -5.9421670196e+00   1.0000000000e+00   2.0000000000e-03   1.2282543231e-01  -5.1992176069e-01   3.6510207898e-01
  -5.9175539953e+00  -5.9260751971e+00   1.0000000000e+00   2.0000000000e-03  -1.4771169726e-02  -3.9076004366e-01   1.8183174896e-01
  -5.9012627697e+00  -5.9090327936e+00   1.0000000000e+00   2.0000000000e-03  -1.6641204012e-01  -2.4581069346e-01  -1.0077029912e-02
  -5.8860131913e+00  -5.8934927459e+00   1.0000000000e+00   2.0000000000e-03  -3.2197115483e-01  -9.7059305474e-02  -1.8973646524e-01
  -5.8708094162e+00  -5.8785336367e+00   1.0000000000e+00   2.0000000000e-03  -4.8027528431e-01   6.5109515261e-02  -3.4634042251e-01
  -5.8557997150e+00  -5.8630851958e+00   1.0000000000e+00   2.0000000000e-03  -6.3012807890e-01   2.4074398259e-01  -4.5625131297e-01
  -5.8414176570e+00  -5.8485142342e+00   1.0000000000e+00   2.0000000000e-03  -7.3868007890e-01   3.9333301392e-01  -4.7895335721e-01
  -5.8270190321e+00  -5.8343210799e+00   1.0000000000e+00   2.0000000000e-03  -8.3299367033e-01   5.4332291854e-01  -4.3000702442e-01
  -5.8078168178e+00  -5.8197169843e+00   1.0000000000e+00   2.0000000000e-03  -9.0721679572e-01   6.7612039735e-01  -2.6928499308e-01
  -5.7856367165e+00  -5.7959166512e+00   1.0000000000e+00   2.0000000000e-03  -9.5844717141e-01   7.6814960241e-01   3.3192854891e-03
  -5.7541648253e+00  -5.7753567817e+00   1.0000000000e+00   2.0000000000e-03  -9.6492190075e-01   7.4622736349e-01   2.3054992252e-01
  -5.7117809124e+00  -5.7329728688e+00   1.0000000000e+00   2.0000000000e-03  -9.6425080554e-01   7.4412327096e-01   2.1077885138e-01
  -5.6808456779e+00  -5.6905889559e+00   1.0000000000e+00   2.0000000000e-03  -9.5560482326e-01   7.5577338828e-01  -1.2433388486e-02
  -5.6622256744e+00  -5.6711023999e+00   1.0000000000e+00   2.0000000000e-03  -9.1910778495e-01   6.8943227199e-01  -2.4912697771e-01
  -5.6454109721e+00  -5.6533489490e+00   1.0000000000e+00   2.0000000000e-03  -8.5113132081e-01   5.6289876215e-01  -4.2072421725e-01
  -5.6299140555e+00  -5.6374729953e+00   1.0000000000e+00   2.0000000000e-03  -7.6346362723e-01   4.1757611970e-01  -4.8872662211e-01
  -5.6149741096e+00  -5.6223551158e+00   1.0000000000e+00   2.0000000000e-03  -6.3940327450e-01   2.3848481913e-01  -4.7468420637e-01
  -5.5997195125e+00  -5.6075931033e+00   1.0000000000e+00   2.0000000000e-03  -5.0774927859e-01   7.9863489707e-02  -3.8536114586e-01
  -5.5843611237e+00  -5.5918459217e+00   1.0000000000e+00   2.0000000000e-03  -3.5062631260e-01  -8.7128470174e-02  -2.3944760796e-01
  -5.5692091581e+00  -5.5768763257e+00   1.0000000000e+00   2.0000000000e-03  -1.9486813816e-01  -2.3909031903e-01  -6.6335530391e-02
  -5.5531720806e+00  -5.5615419904e+00   1.0000000000e+00   2.0000000000e-03  -3.7177991843e-02  -3.9174363054e-01   1.2853212594e-01
  -5.5368858536e+00  -5.5448021707e+00   1.0000000000e+00   2.0000000000e-03   1.0476248377e-01  -5.3009928459e-01   3.1545158381e-01
  -5.5218643547e+00  -5.5289695366e+00   1.0000000000e+00   2.0000000000e-03   2.1730032081e-01  -6.1884295868e-01   4.6194432907e-01
  -5.5070402765e+00  -5.5147591729e+00   1.0000000000e+00   2.0000000000e-03   3.1891810893e-01  -6.5211581690e-01   5.8264135906e-01
  -5.4911304656e+00  -5.4993213802e+00   1.0000000000e+00   2.0000000000e-03   4.1932252955e-01  -6.0756114567e-01   6.8267149777e-01
  -5.4740043495e+00  -5.4829395511e+00   1.0000000000e+00   2.0000000000e-03   5.1867239096e-01  -4.7916961491e-01   7.6536179907e-01
  -5.4519474030e+00  -5.4650691480e+00   1.0000000000e+00   2.0000000000e-03   6.4136473364e-01  -2.1914008689e-01   8.5793762355e-01
  -5.4232989248e+00  -5.4388256580e+00   1.0000000000e+00   2.0000000000e-03   7.1520011744e-01   1.1405488248e-01   9.1788248388e-01
  -5.3980310128e+00  -5.4077721915e+00   1.0000000000e+00   2.0000000000e-03   6.9230296905e-01   2.6452943558e-01   9.0197700495e-01
  -5.3799740843e+00  -5.3882898341e+00   1.0000000000e+00   2.0000000000e-03   6.8195407460e-01   3.1313557020e-01   8.9454520157e-01
  -5.3601523340e+00  -5.3716583345e+00   1.0000000000e+00   2.0000000000e-03   6.3054218837e-01   3.6219874931e-01   8.5358991529e-01
  -5.3388208423e+00  -5.3486463336e+00   1.0000000000e+00   2.0000000000e-03   5.7921109224e-01   3.7676432048e-01   8.1202102254e-01
  -5.3201665057e+00  -5.3289953509e+00   1.0000000000e+00   2.0000000000e-03   5.2726785009e-01   3.7567325702e-01   7.6971751249e-01
  -5.2991507164e+00  -5.3113376605e+00   1.0000000000e+00   2.0000000000e-03   4.6198085170e-01   3.6089806778e-01   7.1633355553e-01
  -5.2793959807e+00  -5.2869637722e+00   1.0000000000e+00   2.0000000000e-03   3.9282931477e-01   3.2958752321e-01   6.5942472573e-01
  -5.2613330809e+00  -5.2718281891e+00   1.0000000000e+00   2.0000000000e-03   3.2568215256e-01   2.9166779814e-01   6.0385611260e-01
  -5.2411679823e+00  -5.2508379727e+00   1.0000000000e+00   2.0000000000e-03   2.4526012498e-01   2.3617840445e-01   5.3664620999e-01
  -5.2225418363e+00  -5.2314979920e+00   1.0000000000e+00   2.0000000000e-03   1.6680641291e-01   1.7522368109e-01   4.7037872045e-01
  -5.2051142401e+00  -5.2135856806e+00   1.0000000000e+00   2.0000000000e-03   9.0222564276e-02   1.1110964382e-01   4.0501379798e-01
  -5.1884865443e+00  -5.1966427996e+00   1.0000000000e+00   2.0000000000e-03   1.4768156128e-02   4.4707265669e-02   3.3999273923e-01
  -5.1723812353e+00  -5.1803302890e+00   1.0000000000e+00   2.0000000000e-03  -5.9986126497e-02  -2.3444530396e-02   2.7502652494e-01
  -5.1566128735e+00  -5.1644321816e+00   1.0000000000e+00   2.0000000000e-03  -1.3414727278e-01  -9.2865424039e-02   2.1010530283e-01
  -5.1410373265e+00  -5.1487935654e+00   1.0000000000e+00   2.0000000000e-03  -2.0766462703e-01  -1.6313953565e-01   1.4535380612e-01
  -5.1254954956e+00  -5.1332810877e+00   1.0000000000e+00   2.0000000000e-03  -2.8055780582e-01  -2.3405557257e-01   8.0826458505e-02
  -5.1092984851e+00  -5.1177099034e+00   1.0000000000e+00   2.0000000000e-03  -3.5524793471e-01  -3.0787570907e-01   1.4428011155e-02
  -5.0919976907e+00  -5.1008870667e+00   1.0000000000e+00   2.0000000000e-03  -4.3260511124e-01  -3.8555713699e-01  -5.4609973254e-02
  -5.0734689878e+00  -5.0831083147e+00   1.0000000000e+00   2.0000000000e-03  -5.1160596325e-01  -4.6619622806e-01  -1.2538653759e-01
  -5.0533954606e+00  -5.0638296609e+00   1.0000000000e+00   2.0000000000e-03  -5.9139164143e-01  -5.4911530185e-01  -1.9720562588e-01
  -5.0354587814e+00  -5.0429612603e+00   1.0000000000e+00   2.0000000000e-03  -6.5587876423e-01  -6.1754558455e-01  -2.5569523304e-01
  -5.0195244958e+00  -5.0279563025e+00   1.0000000000e+00   2.0000000000e-03  -7.0823355156e-01  -6.7403896084e-01  -3.0361131313e-01
  -5.0013111818e+00  -5.0110926891e+00   1.0000000000e+00   2.0000000000e-03  -7.6113610713e-01  -7.3239655706e-01  -3.5284163635e-01
  -4.9774459291e+00  -4.9915296744e+00   1.0000000000e+00   2.0000000000e-03  -8.1894219673e-01  -7.9836081889e-01  -4.0857922053e-01
  -4.9543886443e+00  -4.9633621838e+00   1.0000000000e+00   2.0000000000e-03  -8.5700774454e-01  -8.4582815750e-01  -4.5008764793e-01
  -4.9273564147e+00  -4.9454151047e+00   1.0000000000e+00   2.0000000000e-03  -8.8666196718e-01  -8.8827091508e-01  -4.8987006967e-01
  -4.8981379418e+00  -4.9092977248e+00   1.0000000000e+00   2.0000000000e-03  -8.8041178008e-01  -9.0267535043e-01  -5.1498248363e-01
  -4.8758183758e+00  -4.8869781588e+00   1.0000000000e+00   2.0000000000e-03  -8.5259943797e-01  -8.9722619831e-01  -5.2683035232e-01
  -4.8565466474e+00  -4.8646585928e+00   1.0000000000e+00   2.0000000000e-03  -8.0513603848e-01  -8.7744984681e-01  -5.3147256149e-01
  -4.8367519553e+00  -4.8484347020e+00   1.0000000000e+00   2.0000000000e-03  -7.3693823099e-01  -8.4570695543e-01  -5.3252703854e-01
  -4.8173396049e+00  -4.8250692086e+00   1.0000000000e+00   2.0000000000e-03  -6.4078276893e-01  -7.9887506029e-01  -5.2898256239e-01
  -4.8017756215e+00  -4.8096100012e+00   1.0000000000e+00   2.0000000000e-03  -5.4844054775e-01  -7.5395218664e-01  -5.2409821805e-01
  -4.7858030328e+00  -4.7939412417e+00   1.0000000000e+00   2.0000000000e-03  -4.3889238979e-01  -7.0140921888e-01  -5.1731934051e-01
  -4.7704131031e+00  -4.7776648239e+00   1.0000000000e+00   2.0000000000e-03  -3.2061240610e-01  -6.4602698749e-01  -5.0942365100e-01
  -4.7550538903e+00  -4.7631613823e+00   1.0000000000e+00   2.0000000000e-03  -1.9386709129e-01  -5.8828229628e-01  -5.0069412232e-01
  -4.7353961761e+00  -4.7469463982e+00   1.0000000000e+00   2.0000000000e-03  -2.3888002100e-02  -5.1361206036e-01  -4.8882726073e-01
  -4.7161424354e+00  -4.7238459541e+00   1.0000000000e+00   2.0000000000e-03   1.4365037011e-01  -4.4462618658e-01  -4.7716261624e-01
  -4.6993360014e+00  -4.7084389167e+00   1.0000000000e+00   2.0000000000e-03   2.8456590835e-01  -3.8977102576e-01  -4.6753391193e-01
  -4.6820736494e+00  -4.6902330860e+00   1.0000000000e+00   2.0000000000e-03   4.1695658446e-01  -3.4292281675e-01  -4.5903871081e-01
  -4.6654319014e+00  -4.6739142129e+00   1.0000000000e+00   2.0000000000e-03   5.2965500483e-01  -3.0837794314e-01  -4.5285216479e-01
  -4.6491338170e+00  -4.6569495900e+00   1.0000000000e+00   2.0000000000e-03   6.2173093232e-01  -2.8741896236e-01  -4.4971312060e-01
  -4.6337879772e+00  -4.6413180440e+00   1.0000000000e+00   2.0000000000e-03   6.9090097068e-01  -2.8023771847e-01  -4.5003005466e-01
  -4.6171811495e+00  -4.6262579105e+00   1.0000000000e+00   2.0000000000e-03   7.4660636453e-01  -2.8650165373e-01  -4.5438791024e-01
  -4.6007175817e+00  -4.6081043886e+00   1.0000000000e+00   2.0000000000e-03   7.7853963911e-01  -3.1011130524e-01  -4.6399912548e-01
  -4.5856982255e+00  -4.5933307748e+00   1.0000000000e+00   2.0000000000e-03   7.9056123950e-01  -3.4443665291e-01  -4.7670872872e-01
  -4.5690634707e+00  -4.5780656762e+00   1.0000000000e+00   2.0000000000e-03   7.8487287792e-01  -3.9641352842e-01  -4.9498871088e-01
  -4.5503814606e+00  -4.5600612652e+00   1.0000000000e+00   2.0000000000e-03   7.5485261357e-01  -4.7146084140e-01  -5.2018564557e-01
  -4.5331279317e+00  -4.5407016559e+00   1.0000000000e+00   2.0000000000e-03   7.0657429914e-01  -5.5423780331e-01  -5.4664136803e-01
  -4.5151815064e+00  -4.5255542075e+00   1.0000000000e+00   2.0000000000e-03   6.4306699124e-01  -6.4820750390e-01  -5.7549646458e-01
  -4.4937049628e+00  -4.5048088052e+00   1.0000000000e+00   2.0000000000e-03   5.5295594452e-01  -7.6745512658e-01  -6.1009454972e-01
  -4.4734695180e+00  -4.4826011204e+00   1.0000000000e+00   2.0000000000e-03   4.6584969996e-01  -8.7837604401e-01  -6.4054449402e-01
  -4.4534753920e+00  -4.4643379156e+00   1.0000000000e+00   2.0000000000e-03   3.8846929358e-01  -9.8027069450e-01  -6.6758072684e-01
  -4.4343370527e+00  -4.4426128684e+00   1.0000000000e+00   2.0000000000e-03   3.3573156327e-01  -1.0620341135e+00  -6.8875620711e-01
  -4.4103515153e+00  -4.4260612370e+00   1.0000000000e+00   2.0000000000e-03   2.9816885632e-01  -1.1439666866e+00  -7.0965511785e-01
  -4.3827726102e+00  -4.3946417937e+00   1.0000000000e+00   2.0000000000e-03   3.3128379216e-01  -1.1810828490e+00  -7.1753362428e-01
  -4.3544887084e+00  -4.3709034268e+00   1.0000000000e+00   2.0000000000e-03   4.1752963998e-01  -1.1700620980e+00  -7.0764288190e-01
  -4.3269291484e+00  -4.3380739900e+00   1.0000000000e+00   2.0000000000e-03   5.4565856918e-01  -1.0940507626e+00  -6.6600056160e-01
  -4.3039151235e+00  -4.3157843069e+00   1.0000000000e+00   2.0000000000e-03   6.5793026336e-01  -9.9960112026e-01  -6.1095136888e-01
  -4.2763362183e+00  -4.2920459400e+00   1.0000000000e+00   2.0000000000e-03   7.7837913368e-01  -8.5566692815e-01  -5.1869652376e-01
  -4.2523506810e+00  -4.2606264967e+00   1.0000000000e+00   2.0000000000e-03   8.4179837604e-01  -7.0779006678e-01  -4.0966148057e-01
  -4.2332123417e+00  -4.2440748653e+00   1.0000000000e+00   2.0000000000e-03   8.6933993649e-01  -5.8376220963e-01  -3.1168432017e-01
  -4.2132182156e+00  -4.2223498180e+00   1.0000000000e+00   2.0000000000e-03   8.6293081208e-01  -4.4903200272e-01  -1.9597932494e-01
  -4.1929827708e+00  -4.2040866132e+00   1.0000000000e+00   2.0000000000e-03   8.2662370907e-01  -3.1035811921e-01  -6.9681751729e-02
  -4.1715062273e+00  -4.1818789284e+00   1.0000000000e+00   2.0000000000e-03   7.5272747618e-01  -1.6234446916e-01   7.2805680842e-02
  -4.1535598019e+00  -4.1611335261e+00   1.0000000000e+00   2.0000000000e-03   6.6789587141e-01  -3.9436582491e-02   1.9528529534e-01
  -4.1363062731e+00  -4.1459860778e+00   1.0000000000e+00   2.0000000000e-03   5.7321897092e-01   7.7474140060e-02   3.1357365063e-01
  -4.1176242629e+00  -4.1266264685e+00   1.0000000000e+00   2.0000000000e-03   4.5668878486e-01   2.0149111639e-01   4.4006310377e-01
  -4.1009895082e+00  -4.1086220574e+00   1.0000000000e+00   2.0000000000e-03   3.4480043627e-01   3.0912396730e-01   5.4953714181e-01
  -4.0859701520e+00  -4.0933569589e+00   1.0000000000e+00   2.0000000000e-03   2.3967862877e-01   4.0375182972e-01   6.4490683876e-01
  -4.0695065841e+00  -4.0785833451e+00   1.0000000000e+00   2.0000000000e-03   1.2192082615e-01   5.0437999166e-01   7.4489123271e-01
  -4.0528997564e+00  -4.0604298232e+00   1.0000000000e+00   2.0000000000e-03   2.2369707224e-03   6.0147543554e-01   8.3905330290e-01
  -4.0375539167e+00  -4.0453696897e+00   1.0000000000e+00   2.0000000000e-03  -1.0746464421e-01   6.8728295799e-01   9.2017307339e-01
  -4.0212558322e+00  -4.0297381437e+00   1.0000000000e+00   2.0000000000e-03  -2.2137985858e-01   7.7340876578e-01   9.9900238628e-01
  -4.0046140842e+00  -4.0127735208e+00   1.0000000000e+00   2.0000000000e-03  -3.3282073184e-01   8.5475524123e-01   1.0702449787e+00
  -3.9873517323e+00  -3.9964546476e+00   1.0000000000e+00   2.0000000000e-03  -4.4132620659e-01   9.3120898351e-01   1.1335381098e+00
  -3.9678226859e+00  -3.9782488170e+00   1.0000000000e+00   2.0000000000e-03  -5.5210932088e-01   1.0056934266e+00   1.1897626580e+00
  -3.9483422459e+00  -3.9573965548e+00   1.0000000000e+00   2.0000000000e-03  -6.4542593333e-01   1.0637127608e+00   1.2258308490e+00
  -3.9315669455e+00  -3.9392879370e+00   1.0000000000e+00   2.0000000000e-03  -7.1137752814e-01   1.1001409428e+00   1.2407947169e+00
  -3.9161424354e+00  -3.9238459541e+00   1.0000000000e+00   2.0000000000e-03  -7.6059096998e-01   1.1226792297e+00   1.2418700899e+00
  -3.8993360014e+00  -3.9084389167e+00   1.0000000000e+00   2.0000000000e-03  -8.0241115036e-01   1.1355285921e+00   1.2298550743e+00
  -3.8820736494e+00  -3.8902330860e+00   1.0000000000e+00   2.0000000000e-03  -8.3259177796e-01   1.1354399015e+00   1.2031057667e+00
  -3.8654319014e+00  -3.8739142129e+00   1.0000000000e+00   2.0000000000e-03  -8.5236643339e-01   1.1251942166e+00   1.1668974022e+00
  -3.8491338170e+00  -3.8569495900e+00   1.0000000000e+00   2.0000000000e-03  -8.6390978855e-01   1.1063449290e+00   1.1230857795e+00
  -3.8337879772e+00  -3.8413180440e+00   1.0000000000e+00   2.0000000000e-03  -8.6924785778e-01   1.0822767666e+00   1.0764991824e+00
  -3.8171811495e+00  -3.8262579105e+00   1.0000000000e+00   2.0000000000e-03  -8.7032780340e-01   1.0508253607e+00   1.0221891356e+00
  -3.8007175817e+00  -3.8081043886e+00   1.0000000000e+00   2.0000000000e-03  -8.6699971233e-01   1.0144226096e+00   9.6540028976e-01
  -3.7856982255e+00  -3.7933307748e+00   1.0000000000e+00   2.0000000000e-03  -8.6147610754e-01   9.7789243705e-01   9.1216238358e-01
  -3.7690634707e+00  -3.7780656762e+00   1.0000000000e+00   2.0000000000e-03  -8.5323274087e-01   9.3390833085e-01   8.5194219958e-01
  -3.7503814606e+00  -3.7600612652e+00   1.0000000000e+00   2.0000000000e-03  -8.4207169123e-01   8.7984865017e-01   7.8268970385e-01
  -3.7331279317e+00  -3.7407016559e+00   1.0000000000e+00   2.0000000000e-03  -8.3069778652e-01   8.2491135795e-01   7.1668077339e-01
  -3.7151815064e+00  -3.7255542075e+00   1.0000000000e+00   2.0000000000e-03  -8.1848419581e-01   7.6309677537e-01   6.4568275427e-01
  -3.6937049628e+00  -3.7048088052e+00   1.0000000000e+00   2.0000000000e-03  -8.0392715729e-01   6.7976512646e-01   5.5511448883e-01
  -3.6734695180e+00  -3.6826011204e+00   1.0000000000e+00   2.0000000000e-03  -7.9093826733e-01   5.8846266347e-01   4.6095396182e-01
  -3.6525550315e+00  -3.6643379156e+00   1.0000000000e+00   2.0000000000e-03  -7.7870192772e-01   4.8223550076e-01   3.5543574030e-01
  -3.6289892633e+00  -3.6407721474e+00   1.0000000000e+00   2.0000000000e-03  -7.6793647042e-01   3.5319953603e-01   2.3266918626e-01
  -3.5962657097e+00  -3.6172063791e+00   1.0000000000e+00   2.0000000000e-03  -7.5913991543e-01   1.8472085772e-01   7.9949019539e-02
  -3.5543843708e+00  -3.5753250403e+00   1.0000000000e+00   2.0000000000e-03  -7.5339276140e-01  -5.5540111301e-02  -1.2447071664e-01
  -3.5102006143e+00  -3.5334437014e+00   1.0000000000e+00   2.0000000000e-03  -7.4381509962e-01  -1.9484479977e-01  -2.3876927663e-01
  -3.4718021249e+00  -3.4869575272e+00   1.0000000000e+00   2.0000000000e-03  -7.0626706484e-01  -2.8239985007e-01  -3.0718409210e-01
  -3.4462678310e+00  -3.4566467226e+00   1.0000000000e+00   2.0000000000e-03  -6.5200993087e-01  -3.0165255242e-01  -3.2271418925e-01
  -3.4253971249e+00  -3.4358889393e+00   1.0000000000e+00   2.0000000000e-03  -5.9384316827e-01  -2.9051261321e-01  -3.1632893091e-01
  -3.4067855490e+00  -3.4149053106e+00   1.0000000000e+00   2.0000000000e-03  -5.3303987152e-01  -2.6037608513e-01  -2.9729841655e-01
  -3.3910256411e+00  -3.3986657875e+00   1.0000000000e+00   2.0000000000e-03  -4.7868605350e-01  -2.2618744401e-01  -2.7615519600e-01
  -3.3753982209e+00  -3.3833854947e+00   1.0000000000e+00   2.0000000000e-03  -4.2516519466e-01  -1.8815490754e-01  -2.5358997323e-01
  -3.3592679007e+00  -3.3674109471e+00   1.0000000000e+00   2.0000000000e-03  -3.7406340391e-01  -1.4864184549e-01  -2.3177942124e-01
  -3.3404411468e+00  -3.3511248543e+00   1.0000000000e+00   2.0000000000e-03  -3.2383688417e-01  -1.0695154863e-01  -2.1163857948e-01
  -3.3134264313e+00  -3.3297574394e+00   1.0000000000e+00   2.0000000000e-03  -2.7778564354e-01  -6.4189974296e-02  -1.9917076231e-01
  -3.2850350805e+00  -3.2970954231e+00   1.0000000000e+00   2.0000000000e-03  -2.8458025409e-01  -6.1118820841e-02  -2.2256499398e-01
  -3.2615198369e+00  -3.2729747378e+00   1.0000000000e+00   2.0000000000e-03  -3.2049147907e-01  -8.2299874489e-02  -2.6294796926e-01
  -3.2412773807e+00  -3.2500649359e+00   1.0000000000e+00   2.0000000000e-03  -3.6892473269e-01  -1.1463213697e-01  -3.0976204934e-01
  -3.2241022761e+00  -3.2324898256e+00   1.0000000000e+00   2.0000000000e-03  -4.1490645191e-01  -1.4604963616e-01  -3.5275059018e-01
  -3.2066161190e+00  -3.2157147267e+00   1.0000000000e+00   2.0000000000e-03  -4.6061681637e-01  -1.7708255585e-01  -3.9567064882e-01
  -3.1846536157e+00  -3.1975175113e+00   1.0000000000e+00   2.0000000000e-03  -5.0902912134e-01  -2.0848420056e-01  -4.4330073557e-01
  -3.1553314984e+00  -3.1717897202e+00   1.0000000000e+00   2.0000000000e-03  -5.4249664139e-01  -2.2434410545e-01  -4.8507152885e-01
  -3.1292596672e+00  -3.1388732766e+00   1.0000000000e+00   2.0000000000e-03  -5.2397362192e-01  -1.9899844091e-01  -4.8745256343e-01
  -3.1097206153e+00  -3.1196460577e+00   1.0000000000e+00   2.0000000000e-03  -4.8756408323e-01  -1.6168903347e-01  -4.7344694354e-01
  -3.0922183816e+00  -3.0997951730e+00   1.0000000000e+00   2.0000000000e-03  -4.3740870596e-01  -1.1464578362e-01  -4.4829014203e-01
  -3.0747255016e+00  -3.0846415902e+00   1.0000000000e+00   2.0000000000e-03  -3.7803629024e-01  -6.1196179080e-02  -4.1603520626e-01
  -3.0552189313e+00  -3.0648094130e+00   1.0000000000e+00   2.0000000000e-03  -3.0488915380e-01   1.6942403481e-03  -3.7377282432e-01
  -3.0350883554e+00  -3.0456284496e+00   1.0000000000e+00   2.0000000000e-03  -2.2972476268e-01   6.3417290375e-02  -3.2849969237e-01
  -3.0163630113e+00  -3.0245482613e+00   1.0000000000e+00   2.0000000000e-03  -1.6872102421e-01   1.1020731456e-01  -2.9008616336e-01
  -2.9960246689e+00  -3.0081777614e+00   1.0000000000e+00   2.0000000000e-03  -1.1440066151e-01   1.4844276589e-01  -2.5430514499e-01
  -2.9731689370e+00  -2.9838715763e+00   1.0000000000e+00   2.0000000000e-03  -7.9121501878e-02   1.6584418544e-01  -2.2780923314e-01
  -2.9366231725e+00  -2.9624662976e+00   1.0000000000e+00   2.0000000000e-03  -6.0067367621e-02   1.5625923777e-01  -2.0539822316e-01
  -2.8993001949e+00  -2.9107800474e+00   1.0000000000e+00   2.0000000000e-03  -8.7814085760e-02   9.9677416319e-02  -2.0979882910e-01
  -2.8757124261e+00  -2.8878203425e+00   1.0000000000e+00   2.0000000000e-03  -1.0909470026e-01   5.9196217978e-02  -2.1641255162e-01
  -2.8395050164e+00  -2.8636045097e+00   1.0000000000e+00   2.0000000000e-03  -1.3391019671e-01   3.3057423799e-03  -2.2650581907e-01
  -2.8004271086e+00  -2.8154055231e+00   1.0000000000e+00   2.0000000000e-03  -1.2033498263e-01  -1.9069468818e-02  -2.2374203322e-01
  -2.7662709601e+00  -2.7854486941e+00   1.0000000000e+00   2.0000000000e-03  -7.0342383493e-02  -9.6870624076e-03  -2.0639427129e-01
  -2.7374416974e+00  -2.7470932261e+00   1.0000000000e+00   2.0000000000e-03  -1.4720516272e-03   1.8224807949e-02  -1.7848135116e-01
  -2.7188815073e+00  -2.7277901686e+00   1.0000000000e+00   2.0000000000e-03   4.8735502587e-02   3.9227311329e-02  -1.5626025556e-01
  -2.7012224348e+00  -2.7099728461e+00   1.0000000000e+00   2.0000000000e-03   9.9288219065e-02   5.9590973840e-02  -1.3176565526e-01
  -2.6833766156e+00  -2.6924720235e+00   1.0000000000e+00   2.0000000000e-03   1.5019051185e-01   7.8310927689e-02  -1.0444481537e-01
  -2.6642588937e+00  -2.6742812078e+00   1.0000000000e+00   2.0000000000e-03   2.0130482964e-01   9.4269847629e-02  -7.3321708076e-02
  -2.6420294531e+00  -2.6542365797e+00   1.0000000000e+00   2.0000000000e-03   2.5330283845e-01   1.0600363978e-01  -3.5701832301e-02
  -2.6225465450e+00  -2.6298223266e+00   1.0000000000e+00   2.0000000000e-03   2.8924539206e-01   1.0824093958e-01  -1.0120958274e-03
  -2.6044408016e+00  -2.6152707635e+00   1.0000000000e+00   2.0000000000e-03   3.1705877080e-01   1.0597955294e-01   3.2408865863e-02
  -2.5777731644e+00  -2.5936108398e+00   1.0000000000e+00   2.0000000000e-03   3.4427968289e-01   9.4814217728e-02   8.1492255701e-02
  -2.5460978137e+00  -2.5619354890e+00   1.0000000000e+00   2.0000000000e-03   3.4856350404e-01   7.6375163110e-02   1.2532929472e-01
  -2.5122273014e+00  -2.5302601383e+00   1.0000000000e+00   2.0000000000e-03   3.3289581616e-01   4.6187619861e-02   1.8009225304e-01
  -2.4812253129e+00  -2.4941944646e+00   1.0000000000e+00   2.0000000000e-03   3.0656713397e-01   1.8989832378e-02   2.2499989497e-01
  -2.4562773127e+00  -2.4682561611e+00   1.0000000000e+00   2.0000000000e-03   2.8114014569e-01  -2.9153547844e-04   2.5593370003e-01
  -2.4322085745e+00  -2.4442984642e+00   1.0000000000e+00   2.0000000000e-03   2.5563454862e-01  -1.5422035220e-02   2.7995263205e-01
  -2.4076230202e+00  -2.4201186848e+00   1.0000000000e+00   2.0000000000e-03   2.2965706239e-01  -2.7658586556e-02   2.9892046814e-01
  -2.3828352744e+00  -2.3951273556e+00   1.0000000000e+00   2.0000000000e-03   2.0432090328e-01  -3.7475266601e-02   3.1266602423e-01
  -2.3589268423e+00  -2.3705431932e+00   1.0000000000e+00   2.0000000000e-03   1.7937025746e-01  -4.6374171589e-02   3.2212726769e-01
  -2.3372462584e+00  -2.3473104914e+00   1.0000000000e+00   2.0000000000e-03   1.5227761159e-01  -5.6633029108e-02   3.2941653098e-01
  -2.3186729205e+00  -2.3271820254e+00   1.0000000000e+00   2.0000000000e-03   1.2468866140e-01  -6.8456527526e-02   3.3554589650e-01
  -2.2965012335e+00  -2.3101638156e+00   1.0000000000e+00   2.0000000000e-03   8.6832759824e-02  -8.6500330275e-02   3.4339950323e-01
  -2.2717400310e+00  -2.2828386514e+00   1.0000000000e+00   2.0000000000e-03   3.4080859753e-02  -1.1551881030e-01   3.5450341483e-01
  -2.2512690968e+00  -2.2606414106e+00   1.0000000000e+00   2.0000000000e-03  -1.9457513447e-02  -1.4762470206e-01   3.6616288282e-01
  -2.2336994893e+00  -2.2418967829e+00   1.0000000000e+00   2.0000000000e-03  -7.2072608964e-02  -1.8092136912e-01   3.7780418741e-01
  -2.2179018888e+00  -2.2255021958e+00   1.0000000000e+00   2.0000000000e-03  -1.2363185982e-01  -2.1480842361e-01   3.8920705542e-01
  -2.2031648127e+00  -2.2103015818e+00   1.0000000000e+00   2.0000000000e-03  -1.7493390099e-01  -2.4951719030e-01   4.0040754598e-01
  -2.1858998818e+00  -2.1960280437e+00   1.0000000000e+00   2.0000000000e-03  -2.3826011432e-01  -2.9332912780e-01   4.1392628312e-01
  -2.1659952359e+00  -2.1757717199e+00   1.0000000000e+00   2.0000000000e-03  -3.1573044700e-01  -3.4830790198e-01   4.2970861930e-01
  -2.1465339147e+00  -2.1562187519e+00   1.0000000000e+00   2.0000000000e-03  -3.9380767817e-01  -4.0485394573e-01   4.4474165707e-01
  -2.1269878737e+00  -2.1368490775e+00   1.0000000000e+00   2.0000000000e-03  -4.7138629598e-01  -4.6206965505e-01   4.5879028892e-01
  -2.1068353226e+00  -2.1171266698e+00   1.0000000000e+00   2.0000000000e-03  -5.4824782338e-01  -5.1980444276e-01   4.7187921041e-01
  -2.0892923249e+00  -2.0965439753e+00   1.0000000000e+00   2.0000000000e-03  -6.1163744536e-01  -5.6837848053e-01   4.8213103092e-01
  -2.0742569661e+00  -2.0820406745e+00   1.0000000000e+00   2.0000000000e-03  -6.6327861154e-01  -6.0855093382e-01   4.9030479181e-01
  -2.0579715357e+00  -2.0664732576e+00   1.0000000000e+00   2.0000000000e-03  -7.1532385999e-01  -6.4976164569e-01   4.9849942275e-01
  -2.0398665760e+00  -2.0494698139e+00   1.0000000000e+00   2.0000000000e-03  -7.6746414355e-01  -6.9196172477e-01   5.0686805542e-01
  -2.0186901358e+00  -2.0302633381e+00   1.0000000000e+00   2.0000000000e-03  -8.1978564028e-01  -7.3555735830e-01   5.1574508824e-01
  -1.9916581217e+00  -2.0071169335e+00   1.0000000000e+00   2.0000000000e-03  -8.7206583706e-01  -7.8111604513e-01   5.2568210145e-01
  -1.9630455168e+00  -1.9761993099e+00   1.0000000000e+00   2.0000000000e-03  -9.0870035425e-01  -8.1595781246e-01   5.3423394644e-01
  -1.9214471073e+00  -1.9498917236e+00   1.0000000000e+00   2.0000000000e-03  -9.3295956546e-01  -8.4426853590e-01   5.4206271871e-01
  -1.8762467794e+00  -1.8930024910e+00   1.0000000000e+00   2.0000000000e-03  -9.1743866267e-01  -8.3989203776e-01   5.3892270870e-01
  -1.8497399119e+00  -1.8594910677e+00   1.0000000000e+00   2.0000000000e-03  -8.8747959556e-01  -8.1991254513e-01   5.2811666538e-01
  -1.8321525959e+00  -1.8399887562e+00   1.0000000000e+00   2.0000000000e-03  -8.6059491461e-01  -8.0025176129e-01   5.1667003537e-01
  -1.8114995112e+00  -1.8243164357e+00   1.0000000000e+00   2.0000000000e-03  -8.2324808784e-01  -7.7159622163e-01   4.9889124531e-01
  -1.7878319960e+00  -1.7986825867e+00   1.0000000000e+00   2.0000000000e-03  -7.7097473674e-01  -7.2922982293e-01   4.6979805422e-01
  -1.7674304351e+00  -1.7769814054e+00   1.0000000000e+00   2.0000000000e-03  -7.1850788354e-01  -6.8531030881e-01   4.3721729685e-01
  -1.7492113816e+00  -1.7578794647e+00   1.0000000000e+00   2.0000000000e-03  -6.6604350205e-01  -6.4044807594e-01   4.0186571487e-01
  -1.7325413208e+00  -1.7405432986e+00   1.0000000000e+00   2.0000000000e-03  -6.1370903025e-01  -5.9501505564e-01   3.6425994021e-01
  -1.7170339640e+00  -1.7245393431e+00   1.0000000000e+00   2.0000000000e-03  -5.6142023832e-01  -5.4911719435e-01   3.2470063558e-01
  -1.6989984954e+00  -1.7095285849e+00   1.0000000000e+00   2.0000000000e-03  -4.9672453868e-01  -4.9186600895e-01   2.7369362966e-01
  -1.6786311939e+00  -1.6884684058e+00   1.0000000000e+00   2.0000000000e-03  -4.1805506044e-01  -4.2166628921e-01   2.0867253612e-01
  -1.6594122516e+00  -1.6687939820e+00   1.0000000000e+00   2.0000000000e-03  -3.4042901238e-01  -3.5201041157e-01   1.4221200402e-01
  -1.6409754650e+00  -1.6500305213e+00   1.0000000000e+00   2.0000000000e-03  -2.6348426326e-01  -2.8267949766e-01   7.4481480390e-02
  -1.6230957909e+00  -1.6319204087e+00   1.0000000000e+00   2.0000000000e-03  -1.8651097897e-01  -2.1308418053e-01   5.2047620449e-03
  -1.6056037093e+00  -1.6142711732e+00   1.0000000000e+00   2.0000000000e-03  -1.0884884473e-01  -1.4263240812e-01  -6.5975488547e-02
  -1.5883694553e+00  -1.5969362453e+00   1.0000000000e+00   2.0000000000e-03  -3.0288108922e-02  -7.1101973566e-02  -1.3909303137e-01
  -1.5712915407e+00  -1.5798026653e+00   1.0000000000e+00   2.0000000000e-03   4.8651489336e-02   1.0955803844e-03  -2.1355279693e-01
  -1.5542815085e+00  -1.5627804160e+00   1.0000000000e+00   2.0000000000e-03   1.2715438836e-01   7.3303237766e-02  -2.8851423856e-01
  -1.5372638321e+00  -1.5457826010e+00   1.0000000000e+00   2.0000000000e-03   2.0489137877e-01   1.4533175410e-01  -3.6362867677e-01
  -1.5201737687e+00  -1.5287450632e+00   1.0000000000e+00   2.0000000000e-03   2.8210311122e-01   2.1754248912e-01  -4.3912996781e-01
  -1.5029413953e+00  -1.5116024741e+00   1.0000000000e+00   2.0000000000e-03   3.5927444347e-01   2.9056657917e-01  -5.1554544315e-01
  -1.4854828380e+00  -1.4942803164e+00   1.0000000000e+00   2.0000000000e-03   4.3693454169e-01   3.6513974253e-01  -5.9351881941e-01
  -1.4676836517e+00  -1.4766853596e+00   1.0000000000e+00   2.0000000000e-03   5.1538683166e-01   4.4184688388e-01  -6.7353561014e-01
  -1.4493480357e+00  -1.4586819438e+00   1.0000000000e+00   2.0000000000e-03   5.9429668430e-01   5.2071557444e-01  -7.5549346576e-01
  -1.4302257692e+00  -1.4400141277e+00   1.0000000000e+00   2.0000000000e-03   6.7262024886e-01   6.0116634930e-01  -8.3864212042e-01
  -1.4099564224e+00  -1.4204374106e+00   1.0000000000e+00   2.0000000000e-03   7.5001311224e-01   6.8346642443e-01  -9.2308073265e-01
  -1.3918554384e+00  -1.3994754343e+00   1.0000000000e+00   2.0000000000e-03   8.1306389584e-01   7.5364977616e-01  -9.9438155853e-01
  -1.3758520841e+00  -1.3842354425e+00   1.0000000000e+00   2.0000000000e-03   8.6424173783e-01   8.1305856324e-01  -1.0541944910e+00
  -1.3579123538e+00  -1.3674687256e+00   1.0000000000e+00   2.0000000000e-03   9.1528565625e-01   8.7586967874e-01  -1.1166578348e+00
  -1.3356974814e+00  -1.3483559820e+00   1.0000000000e+00   2.0000000000e-03   9.6817811074e-01   9.4693175291e-01  -1.1860592920e+00
  -1.3142006750e+00  -1.3230389808e+00   1.0000000000e+00   2.0000000000e-03   1.0023196336e+00   1.0026318230e+00  -1.2384496615e+00
  -1.2838449570e+00  -1.3053623692e+00   1.0000000000e+00   2.0000000000e-03   1.0329797357e+00   1.0675609864e+00  -1.2968803904e+00
  -1.2480426791e+00  -1.2623275447e+00   1.0000000000e+00   2.0000000000e-03   1.0237138365e+00   1.1027604080e+00  -1.3203298388e+00
  -1.2186453381e+00  -1.2337578135e+00   1.0000000000e+00   2.0000000000e-03   9.8877459251e-01   1.1014792356e+00  -1.3073517057e+00
  -1.1933267499e+00  -1.2035328627e+00   1.0000000000e+00   2.0000000000e-03   9.3316099611e-01   1.0717926984e+00  -1.2649565297e+00
  -1.1743431504e+00  -1.1831206371e+00   1.0000000000e+00   2.0000000000e-03   8.8191621210e-01   1.0352884828e+00  -1.2182568517e+00
  -1.1576558510e+00  -1.1655656638e+00   1.0000000000e+00   2.0000000000e-03   8.3086342234e-01   9.9268069318e-01  -1.1663576126e+00
  -1.1423499982e+00  -1.1497460382e+00   1.0000000000e+00   2.0000000000e-03   7.7988662955e-01   9.4544065078e-01  -1.1104142409e+00
  -1.1244074421e+00  -1.1349539581e+00   1.0000000000e+00   2.0000000000e-03   7.1647962702e-01   8.8196541039e-01  -1.0366600568e+00
  -1.1036161445e+00  -1.1138609260e+00   1.0000000000e+00   2.0000000000e-03   6.3873579042e-01   7.9708416113e-01  -9.4004283103e-01
  -1.0831938770e+00  -1.0933713629e+00   1.0000000000e+00   2.0000000000e-03   5.6045006346e-01   7.0617128783e-01  -8.3825536445e-01
  -1.0627903672e+00  -1.0730163911e+00   1.0000000000e+00   2.0000000000e-03   4.8261568799e-01   6.1210499311e-01  -7.3461574663e-01
  -1.0422702999e+00  -1.0525643434e+00   1.0000000000e+00   2.0000000000e-03   4.0380188850e-01   5.1568950288e-01  -6.3014859572e-01
  -1.0148506294e+00  -1.0319762565e+00   1.0000000000e+00   2.0000000000e-03   2.9777071638e-01   3.8845853404e-01  -4.9470249706e-01
  -9.8759373683e-01  -9.9772500231e-01   1.0000000000e+00   2.0000000000e-03   1.9490880095e-01   2.7716533325e-01  -3.8022829532e-01
  -9.6749448371e-01  -9.7746247135e-01   1.0000000000e+00   2.0000000000e-03   1.1778168398e-01   2.0256007945e-01  -3.0579376252e-01
  -9.4770318927e-01  -9.5752649607e-01   1.0000000000e+00   2.0000000000e-03   3.9698629066e-02   1.3686280195e-01  -2.4280828554e-01
  -9.2812466267e-01  -9.3787988248e-01   1.0000000000e+00   2.0000000000e-03  -3.9126589580e-02   8.0108049797e-02  -1.9112144403e-01
  -9.0850646781e-01  -9.1836944286e-01   1.0000000000e+00   2.0000000000e-03  -1.1729796434e-01   3.2335148742e-02  -1.5042583290e-01
  -8.8850401135e-01  -8.9864349277e-01   1.0000000000e+00   2.0000000000e-03  -1.9367976924e-01  -6.9404526363e-03  -1.1992961808e-01
  -8.7126929222e-01  -8.7836452993e-01   1.0000000000e+00   2.0000000000e-03  -2.5633431507e-01  -3.4023087570e-02  -1.0150659813e-01
  -8.5662976146e-01  -8.6417405450e-01   1.0000000000e+00   2.0000000000e-03  -3.0712572089e-01  -5.3799838307e-02  -8.9523395940e-02
  -8.4081886723e-01  -8.4908546842e-01   1.0000000000e+00   2.0000000000e-03  -3.5824211430e-01  -7.2104029757e-02  -7.9876543337e-02
  -8.2200039170e-01  -8.3255226605e-01   1.0000000000e+00   2.0000000000e-03  -4.1253482773e-01  -9.0762247405e-02  -7.1409079272e-02
  -7.9746568035e-01  -8.1144851735e-01   1.0000000000e+00   2.0000000000e-03  -4.6905663377e-01  -1.1165557999e-01  -6.2733570831e-02
  -7.7327017667e-01  -7.8348284335e-01   1.0000000000e+00   2.0000000000e-03  -5.0190790520e-01  -1.3114431410e-01  -5.2708451560e-02
  -7.4464273997e-01  -7.6305750999e-01   1.0000000000e+00   2.0000000000e-03  -5.1875048590e-01  -1.5619397142e-01  -3.6004500764e-02
  -7.1676179381e-01  -7.2622796996e-01   1.0000000000e+00   2.0000000000e-03  -4.9322826436e-01  -1.9001662505e-01  -4.5216713454e-03
  -6.9288953872e-01  -7.0729561765e-01   1.0000000000e+00   2.0000000000e-03  -4.5284971295e-01  -2.2521009621e-01   3.1136631995e-02
  -6.6779877397e-01  -6.7848345978e-01   1.0000000000e+00   2.0000000000e-03  -3.8177828142e-01  -2.7421936712e-01   8.4199681762e-02
  -6.4133986828e-01  -6.5711408817e-01   1.0000000000e+00   2.0000000000e-03  -2.8638322220e-01  -3.3572543734e-01   1.5219031384e-01
  -6.1781673475e-01  -6.2556564840e-01   1.0000000000e+00   2.0000000000e-03  -1.7765918573e-01  -4.0296287018e-01   2.2719068986e-01
  -6.0067964712e-01  -6.1006782110e-01   1.0000000000e+00   2.0000000000e-03  -9.0920595921e-02  -4.5590473289e-01   2.8622254295e-01
  -5.8247786958e-01  -5.9129147314e-01   1.0000000000e+00   2.0000000000e-03   9.4634028837e-03  -5.1631128824e-01   3.5338197642e-01
  -5.6513875233e-01  -5.7366426601e-01   1.0000000000e+00   2.0000000000e-03   1.1039629912e-01  -5.7617678608e-01   4.1966004455e-01
  -5.4824504104e-01  -5.5661323864e-01   1.0000000000e+00   2.0000000000e-03   2.1140563793e-01  -6.3509216161e-01   4.8456448950e-01
  -5.3146281473e-01  -5.3987684344e-01   1.0000000000e+00   2.0000000000e-03   3.1191199533e-01  -6.9252238643e-01   5.4748926650e-01
  -5.1435114336e-01  -5.2304878603e-01   1.0000000000e+00   2.0000000000e-03   4.1203069089e-01  -7.4823960600e-01   6.0817173114e-01
  -4.9864690094e-01  -5.0565350069e-01   1.0000000000e+00   2.0000000000e-03   4.9933882990e-01  -7.9511162116e-01   6.5886883454e-01
  -4.8411779578e-01  -4.9164030119e-01   1.0000000000e+00   2.0000000000e-03   5.7528093984e-01  -8.3436076253e-01   7.0105022530e-01
  -4.6820738445e-01  -4.7659529036e-01   1.0000000000e+00   2.0000000000e-03   6.5141560655e-01  -8.7163743153e-01   7.4077824613e-01
  -4.4999634448e-01  -4.5981947853e-01   1.0000000000e+00   2.0000000000e-03   7.2803990972e-01  -9.0608403408e-01   7.7702193051e-01
  -4.3189854707e-01  -4.4017321042e-01   1.0000000000e+00   2.0000000000e-03   7.9037737149e-01  -9.2994252094e-01   8.0147191935e-01
  -4.1082763366e-01  -4.2362388373e-01   1.0000000000e+00   2.0000000000e-03   8.4847270455e-01  -9.4732784720e-01   8.1838275226e-01
  -3.8039326635e-01  -3.9803138359e-01   1.0000000000e+00   2.0000000000e-03   8.9891128223e-01  -9.4984406136e-01   8.1764743990e-01
  -3.4429610601e-01  -3.6275514911e-01   1.0000000000e+00   2.0000000000e-03   9.0544589810e-01  -9.1981499067e-01   7.7918671085e-01
  -3.1172823741e-01  -3.2583706291e-01   1.0000000000e+00   2.0000000000e-03   8.6353346385e-01  -8.6106441121e-01   7.0552461181e-01
  -2.8792303425e-01  -2.9761941190e-01   1.0000000000e+00   2.0000000000e-03   8.0599066806e-01  -8.0217083034e-01   6.2948231767e-01
  -2.7057330811e-01  -2.7822665661e-01   1.0000000000e+00   2.0000000000e-03   7.5045173019e-01  -7.5218878121e-01   5.6292701491e-01
  -2.5365536432e-01  -2.6291995961e-01   1.0000000000e+00   2.0000000000e-03   6.8608231408e-01  -6.9887734497e-01   4.8984422670e-01
  -2.3648632888e-01  -2.4439076902e-01   1.0000000000e+00   2.0000000000e-03   6.0904517359e-01  -6.4070132611e-01   4.0673416951e-01
  -2.2148571776e-01  -2.2858188875e-01   1.0000000000e+00   2.0000000000e-03   5.3424431599e-01  -5.8858601289e-01   3.2905048259e-01
  -2.0561434442e-01  -2.1438954677e-01   1.0000000000e+00   2.0000000000e-03   4.4941883245e-01  -5.3403407395e-01   2.4385701204e-01
  -1.8835215582e-01  -1.9683914208e-01   1.0000000000e+00   2.0000000000e-03   3.5193560491e-01  -4.7830660464e-01   1.5014991187e-01
  -1.7127063046e-01  -1.7986516956e-01   1.0000000000e+00   2.0000000000e-03   2.5315726539e-01  -4.2934943835e-01   5.9576581210e-02
  -1.5367676620e-01  -1.6267609136e-01   1.0000000000e+00   2.0000000000e-03   1.5154244594e-01  -3.8729614442e-01  -2.8745880070e-02
  -1.3759409940e-01  -1.4467744105e-01   1.0000000000e+00   2.0000000000e-03   6.0764436096e-02  -3.5713572056e-01  -1.0300507941e-01
  -1.2316381326e-01  -1.3051075776e-01   1.0000000000e+00   2.0000000000e-03  -1.8308889585e-02  -3.3462045307e-01  -1.6467034458e-01
  -1.0813834333e-01  -1.1581686876e-01   1.0000000000e+00   2.0000000000e-03  -9.7413532747e-02  -3.1363893153e-01  -2.2354568705e-01
  -9.2421457616e-02  -1.0045981791e-01   1.0000000000e+00   2.0000000000e-03  -1.7591244671e-01  -2.9037796690e-01  -2.7953215877e-01
  -7.6061702103e-02  -8.4383097324e-02   1.0000000000e+00   2.0000000000e-03  -2.5193401964e-01  -2.5931498704e-01  -3.3179601906e-01
  -5.8985006814e-02  -6.7740306881e-02   1.0000000000e+00   2.0000000000e-03  -3.2336031770e-01  -2.1357161201e-01  -3.7931173543e-01
  -4.0005115795e-02  -5.0229706748e-02   1.0000000000e+00   2.0000000000e-03  -3.9047895385e-01  -1.4195956848e-01  -4.2221245084e-01
  -1.4775795748e-02  -2.9780524842e-02   1.0000000000e+00   2.0000000000e-03  -4.5469085165e-01  -1.1791097031e-02  -4.5966646706e-01
   1.7831974303e-02   2.2893334596e-04   1.0000000000e+00   2.0000000000e-03  -4.7776610586e-01   2.1021934651e-01  -4.6114575554e-01
   4.9603388366e-02   3.5435015259e-02   1.0000000000e+00   2.0000000000e-03  -4.3398762452e-01   4.4562311279e-01  -4.1112982693e-01
   7.1219404209e-02   6.3771761473e-02   1.0000000000e+00   2.0000000000e-03  -3.8236879512e-01   5.8091580429e-01  -3.6293781660e-01
   8.6000306666e-02   7.8667046946e-02   1.0000000000e+00   2.0000000000e-03  -3.4446203861e-01   6.5878340183e-01  -3.2958514710e-01
   1.0167441563e-01   9.3333566386e-02   1.0000000000e+00   2.0000000000e-03  -3.0539027633e-01   7.2402188718e-01  -2.9705802753e-01
   1.2313426722e-01   1.1001526488e-01   1.0000000000e+00   2.0000000000e-03  -2.5955528587e-01   7.8631749846e-01  -2.6162507243e-01
   1.4800476274e-01   1.3625326956e-01   1.0000000000e+00   2.0000000000e-03  -2.3210535775e-01   8.1561669232e-01  -2.4570679344e-01
   1.7150774911e-01   1.5975625593e-01   1.0000000000e+00   2.0000000000e-03  -2.3200188141e-01   8.1214251832e-01  -2.5466545210e-01
   1.9040149331e-01   1.8325924230e-01   1.0000000000e+00   2.0000000000e-03  -2.5028989815e-01   7.8231919475e-01  -2.7958592799e-01
   2.0849950650e-01   1.9754374433e-01   1.0000000000e+00   2.0000000000e-03  -2.7521050366e-01   7.3531742862e-01  -3.1145502966e-01
   2.2934723444e-01   2.1945526867e-01   1.0000000000e+00   2.0000000000e-03  -3.0975243721e-01   6.4501793950e-01  -3.5688392941e-01
   2.5181846992e-01   2.3923920022e-01   1.0000000000e+00   2.0000000000e-03  -3.4285055073e-01   5.1491830186e-01  -4.0621864947e-01
   2.8544465646e-01   2.6439773962e-01   1.0000000000e+00   2.0000000000e-03  -3.6480661418e-01   2.7921579164e-01  -4.6306076965e-01
   3.1999251325e-01   3.0649157329e-01   1.0000000000e+00   2.0000000000e-03  -3.0254727461e-01   6.2883942843e-02  -4.5543485362e-01
   3.4169431351e-01   3.3349345320e-01   1.0000000000e+00   2.0000000000e-03  -2.2771853458e-01  -3.3279630321e-02  -4.2248938733e-01
   3.5706059237e-01   3.4989517383e-01   1.0000000000e+00   2.0000000000e-03  -1.6212290773e-01  -8.2756393024e-02  -3.8920580067e-01
   3.7352620917e-01   3.6422601092e-01   1.0000000000e+00   2.0000000000e-03  -8.2450773719e-02  -1.1987371702e-01  -3.4600402706e-01
   3.9216986445e-01   3.8282640742e-01   1.0000000000e+00   2.0000000000e-03   1.7690976433e-02  -1.4368816010e-01  -2.8859808527e-01
   4.1055897966e-01   4.0151332149e-01   1.0000000000e+00   2.0000000000e-03   1.2279778131e-01  -1.5704943143e-01  -2.2541787766e-01
   4.2817917828e-01   4.1960463783e-01   1.0000000000e+00   2.0000000000e-03   2.2685742150e-01  -1.6741818571e-01  -1.5976218807e-01
   4.4502419195e-01   4.3675371873e-01   1.0000000000e+00   2.0000000000e-03   3.2701803066e-01  -1.7939672654e-01  -9.3452624487e-02
   4.6149270655e-01   4.5329466516e-01   1.0000000000e+00   2.0000000000e-03   4.2268731560e-01  -1.9468581824e-01  -2.7257514014e-02
   4.7827494680e-01   4.6969074794e-01   1.0000000000e+00   2.0000000000e-03   5.1410386791e-01  -2.1330409363e-01   3.8362722765e-02
   4.9418883441e-01   4.8685914567e-01   1.0000000000e+00   2.0000000000e-03   5.9022738549e-01  -2.3163594345e-01   9.4434329817e-02
   5.1093237293e-01   5.0151852315e-01   1.0000000000e+00   2.0000000000e-03   6.5689925192e-01  -2.4868956057e-01   1.4383126048e-01
   5.3390717620e-01   5.2034622270e-01   1.0000000000e+00   2.0000000000e-03   7.1826720709e-01  -2.6278528032e-01   1.8768602086e-01
   5.5950360664e-01   5.4746812969e-01   1.0000000000e+00   2.0000000000e-03   7.2878532847e-01  -2.5481016735e-01   1.8740248667e-01
   5.8377143173e-01   5.7153908359e-01   1.0000000000e+00   2.0000000000e-03   6.9015795365e-01  -2.2723216887e-01   1.4591905505e-01
   6.0462931095e-01   5.9600377987e-01   1.0000000000e+00   2.0000000000e-03   6.2141466407e-01  -1.9180435804e-01   8.2015226758e-02
   6.2057004313e-01   6.1325484202e-01   1.0000000000e+00   2.0000000000e-03   5.5544436275e-01  -1.6255129578e-01   2.4044637092e-02
   6.3726852390e-01   6.2788524425e-01   1.0000000000e+00   2.0000000000e-03   4.7870732824e-01  -1.3251431661e-01  -4.0427948787e-02
   6.5410512005e-01   6.4665180355e-01   1.0000000000e+00   2.0000000000e-03   3.9698306628e-01  -1.0523932525e-01  -1.0499310616e-01
   6.6966452649e-01   6.6155843655e-01   1.0000000000e+00   2.0000000000e-03   3.2144153245e-01  -8.2013737381e-02  -1.6166930082e-01
   6.8628741073e-01   6.7777061642e-01   1.0000000000e+00   2.0000000000e-03   2.4330086401e-01  -5.7462345572e-02  -2.1697194620e-01
   7.0355426263e-01   6.9480420504e-01   1.0000000000e+00   2.0000000000e-03   1.6721684686e-01  -2.7850399472e-02  -2.6760441471e-01
   7.2170505543e-01   7.1230432023e-01   1.0000000000e+00   2.0000000000e-03   9.5077664768e-02   1.4080256692e-02  -3.1260753162e-01
   7.4227211125e-01   7.3110579063e-01   1.0000000000e+00   2.0000000000e-03   2.6247719575e-02   8.2825456056e-02  -3.5205538378e-01
   7.6597699535e-01   7.5343843188e-01   1.0000000000e+00   2.0000000000e-03  -2.9469940637e-02   1.9961194299e-01  -3.7813800306e-01
   7.9735599775e-01   7.7851555883e-01   1.0000000000e+00   2.0000000000e-03  -5.8631608467e-02   4.0830892923e-01  -3.7709090603e-01
   8.2993782312e-01   8.1619643666e-01   1.0000000000e+00   2.0000000000e-03  -9.2698614451e-03   6.6065190691e-01  -3.1381789998e-01
   8.5333435621e-01   8.4367920957e-01   1.0000000000e+00   2.0000000000e-03   6.2097537993e-02   8.1355571523e-01  -2.4318582051e-01
   8.7080936218e-01   8.6298950285e-01   1.0000000000e+00   2.0000000000e-03   1.2856873882e-01   8.9788306781e-01  -1.8284470912e-01
   8.8644917641e-01   8.7862922151e-01   1.0000000000e+00   2.0000000000e-03   1.9373364323e-01   9.4681077663e-01  -1.2673189896e-01
   9.0180870400e-01   8.9426913132e-01   1.0000000000e+00   2.0000000000e-03   2.5981254507e-01   9.6768814899e-01  -7.2242676916e-02
   9.2139368117e-01   9.0934827669e-01   1.0000000000e+00   2.0000000000e-03   3.4282977376e-01   9.6373469491e-01  -5.9180605961e-03
   9.4179917760e-01   9.3343908565e-01   1.0000000000e+00   2.0000000000e-03   4.2095143088e-01   9.2213627776e-01   5.5252276956e-02
   9.6121390107e-01   9.5015926955e-01   1.0000000000e+00   2.0000000000e-03   4.8822804496e-01   8.7162712256e-01   1.0938020700e-01
   9.8281577969e-01   9.7226853258e-01   1.0000000000e+00   2.0000000000e-03   5.5086169410e-01   8.2122801374e-01   1.6560873393e-01
   1.0070342742e+00   9.9336302679e-01   1.0000000000e+00   2.0000000000e-03   5.9897128038e-01   7.9979996757e-01   2.1983869734e-01
   1.0316640981e+00   1.0207055216e+00   1.0000000000e+00   2.0000000000e-03   6.3406033569e-01   8.1732160917e-01   2.7641077556e-01
   1.0640579829e+00   1.0426226747e+00   1.0000000000e+00   2.0000000000e-03   6.5467224378e-01   8.9362809520e-01   3.4554889315e-01
   1.0957434132e+00   1.0854932911e+00   1.0000000000e+00   2.0000000000e-03   6.3413424116e-01   9.8341418899e-01   3.8183545751e-01
   1.1208493083e+00   1.1059935353e+00   1.0000000000e+00   2.0000000000e-03   5.8235567405e-01   1.0633611399e+00   3.9204943376e-01
   1.1433981678e+00   1.1357050813e+00   1.0000000000e+00   2.0000000000e-03   5.1491562501e-01   1.1030106473e+00   3.7767732865e-01
   1.1609506229e+00   1.1510912544e+00   1.0000000000e+00   2.0000000000e-03   4.5074891870e-01   1.1166329850e+00   3.5572244384e-01
   1.1798416853e+00   1.1708099914e+00   1.0000000000e+00   2.0000000000e-03   3.7220973306e-01   1.1046944855e+00   3.2054702404e-01
   1.1972907400e+00   1.1888733791e+00   1.0000000000e+00   2.0000000000e-03   2.9570876876e-01   1.0720841312e+00   2.8085662270e-01
   1.2139242943e+00   1.2057081008e+00   1.0000000000e+00   2.0000000000e-03   2.2221636384e-01   1.0206803670e+00   2.3758995992e-01
   1.2298679975e+00   1.2221404877e+00   1.0000000000e+00   2.0000000000e-03   1.4185117950e-01   9.4435047466e-01   1.8471576400e-01
   1.2451069399e+00   1.2375955073e+00   1.0000000000e+00   2.0000000000e-03   6.2886265785e-02   8.5544243923e-01   1.2813256157e-01
   1.2598812305e+00   1.2526183726e+00   1.0000000000e+00   2.0000000000e-03  -1.3068821941e-02   7.5951836459e-01   6.9377961620e-02
   1.2742868849e+00   1.2671440884e+00   1.0000000000e+00   2.0000000000e-03  -8.7846168827e-02   6.5746536199e-01   7.1337793447e-03
   1.2885743379e+00   1.2814296814e+00   1.0000000000e+00   2.0000000000e-03  -1.6452960917e-01   5.4673002330e-01  -6.1530645192e-02
   1.3031131977e+00   1.2957189944e+00   1.0000000000e+00   2.0000000000e-03  -2.4332500890e-01   4.2862761148e-01  -1.3694575814e-01
   1.3186228750e+00   1.3105074009e+00   1.0000000000e+00   2.0000000000e-03  -3.2178650132e-01   3.0799457935e-01  -2.1750638160e-01
   1.3361416298e+00   1.3267383491e+00   1.0000000000e+00   2.0000000000e-03  -3.9771738792e-01   1.8844149351e-01  -3.0329022778e-01
   1.3538065306e+00   1.3455449105e+00   1.0000000000e+00   2.0000000000e-03  -4.5947173995e-01   8.8380338186e-02  -3.8365072423e-01
   1.3744246736e+00   1.3620681506e+00   1.0000000000e+00   2.0000000000e-03  -5.1145451707e-01   7.6222018874e-04  -4.6559333336e-01
   1.4083916007e+00   1.3867811967e+00   1.0000000000e+00   2.0000000000e-03  -5.5668076753e-01  -8.6243330907e-02  -5.8304290516e-01
   1.4494114187e+00   1.4300020046e+00   1.0000000000e+00   2.0000000000e-03  -5.7512146927e-01  -1.3692581318e-01  -6.9452111752e-01
   1.4819290959e+00   1.4688208327e+00   1.0000000000e+00   2.0000000000e-03  -6.1487173515e-01  -2.1218042869e-01  -7.9486883728e-01
   1.5058691868e+00   1.4950373592e+00   1.0000000000e+00   2.0000000000e-03  -6.8173234818e-01  -3.2005644002e-01  -8.9307173360e-01
   1.5254723268e+00   1.5167010144e+00   1.0000000000e+00   2.0000000000e-03  -7.5304583538e-01  -4.2769050833e-01  -9.7719219060e-01
   1.5414747571e+00   1.5342436393e+00   1.0000000000e+00   2.0000000000e-03  -8.3203454770e-01  -5.4165045320e-01  -1.0593816878e+00
   1.5575048496e+00   1.5487058749e+00   1.0000000000e+00   2.0000000000e-03  -9.2297805739e-01  -6.6889681055e-01  -1.1479092761e+00
   1.5748256357e+00   1.5663038243e+00   1.0000000000e+00   2.0000000000e-03  -1.0266359838e+00  -8.0882448024e-01  -1.2427431118e+00
   1.5921926125e+00   1.5833474472e+00   1.0000000000e+00   2.0000000000e-03  -1.1305403714e+00  -9.4455176697e-01  -1.3332083900e+00
   1.6083639065e+00   1.6010377779e+00   1.0000000000e+00   2.0000000000e-03  -1.2224616136e+00  -1.0608996177e+00  -1.4092891682e+00
   1.6287887918e+00   1.6156900351e+00   1.0000000000e+00   2.0000000000e-03  -1.3267793619e+00  -1.1903369085e+00  -1.4920155468e+00
   1.6509006448e+00   1.6418875486e+00   1.0000000000e+00   2.0000000000e-03  -1.3968738443e+00  -1.2774691657e+00  -1.5426462710e+00
   1.6688998329e+00   1.6599137410e+00   1.0000000000e+00   2.0000000000e-03  -1.4305058331e+00  -1.3227006883e+00  -1.5611175153e+00
   1.6946689134e+00   1.6778859248e+00   1.0000000000e+00   2.0000000000e-03  -1.4473286983e+00  -1.3547726900e+00  -1.5592711117e+00
   1.7230801594e+00   1.7114519020e+00   1.0000000000e+00   2.0000000000e-03  -1.4074679669e+00  -1.3375346597e+00  -1.5011426636e+00
   1.7452139913e+00   1.7347084168e+00   1.0000000000e+00   2.0000000000e-03  -1.3409448339e+00  -1.2920168472e+00  -1.4233317138e+00
   1.7640365737e+00   1.7557195658e+00   1.0000000000e+00   2.0000000000e-03  -1.2673706233e+00  -1.2369643830e+00  -1.3423302239e+00
   1.7795748963e+00   1.7723535815e+00   1.0000000000e+00   2.0000000000e-03  -1.1918659338e+00  -1.1780530836e+00  -1.2613321137e+00
   1.7951223080e+00   1.7867962112e+00   1.0000000000e+00   2.0000000000e-03  -1.1010690231e+00  -1.1054073206e+00  -1.1652334213e+00
   1.8110124411e+00   1.8034484048e+00   1.0000000000e+00   2.0000000000e-03  -9.9550026543e-01  -1.0191727410e+00  -1.0545914636e+00
   1.8257725921e+00   1.8185764774e+00   1.0000000000e+00   2.0000000000e-03  -8.9054450941e-01  -9.3226809307e-01  -9.4531356937e-01
   1.8400446591e+00   1.8329687068e+00   1.0000000000e+00   2.0000000000e-03  -7.8534680908e-01  -8.4449395674e-01  -8.3633170815e-01
   1.8544971387e+00   1.8471206115e+00   1.0000000000e+00   2.0000000000e-03  -6.8260279705e-01  -7.5860737423e-01  -7.3035072381e-01
   1.8697301865e+00   1.8618736660e+00   1.0000000000e+00   2.0000000000e-03  -5.8474603577e-01  -6.7719362886e-01  -6.2990485604e-01
   1.8867365361e+00   1.8775867070e+00   1.0000000000e+00   2.0000000000e-03  -4.8548650859e-01  -5.9575845319e-01  -5.2862140983e-01
   1.9046017801e+00   1.8958863653e+00   1.0000000000e+00   2.0000000000e-03  -3.9730851798e-01  -5.2604362443e-01  -4.3947875838e-01
   1.9220786292e+00   1.9133171949e+00   1.0000000000e+00   2.0000000000e-03  -3.3270427002e-01  -4.7930936933e-01  -3.7527501311e-01
   1.9385814800e+00   1.9308400636e+00   1.0000000000e+00   2.0000000000e-03  -2.9390450480e-01  -4.5670767220e-01  -3.3798468853e-01
   1.9624747815e+00   1.9463228963e+00   1.0000000000e+00   2.0000000000e-03  -2.6183432181e-01  -4.4652661919e-01  -3.0906320401e-01
   1.9894702925e+00   1.9786266666e+00   1.0000000000e+00   2.0000000000e-03  -2.3618008287e-01  -4.4191773883e-01  -2.8663064314e-01
   2.0132500650e+00   2.0003139184e+00   1.0000000000e+00   2.0000000000e-03  -1.8768136450e-01  -4.1017436700e-01  -2.3899961094e-01
   2.0350483327e+00   2.0261862117e+00   1.0000000000e+00   2.0000000000e-03  -9.1829137309e-02  -3.2716215520e-01  -1.4007941894e-01
   2.0521554242e+00   2.0439104537e+00   1.0000000000e+00   2.0000000000e-03   2.3380062798e-02  -2.1922967969e-01  -1.8940697002e-02
   2.0684169969e+00   2.0604003946e+00   1.0000000000e+00   2.0000000000e-03   1.6600489138e-01  -8.1265815907e-02   1.3252157207e-01
   2.0838414323e+00   2.0764335991e+00   1.0000000000e+00   2.0000000000e-03   3.1842988780e-01   6.8872786734e-02   2.9566519426e-01
   2.0987193010e+00   2.0912492655e+00   1.0000000000e+00   2.0000000000e-03   4.6943649456e-01   2.1950824705e-01   4.5842850197e-01
   2.1146325232e+00   2.1061893366e+00   1.0000000000e+00   2.0000000000e-03   6.2238965108e-01   3.7365837349e-01   6.2438901476e-01
   2.1302641530e+00   2.1230757099e+00   1.0000000000e+00   2.0000000000e-03   7.4453797067e-01   4.9808404529e-01   7.5788039635e-01
   2.1512054380e+00   2.1374525961e+00   1.0000000000e+00   2.0000000000e-03   8.6323675011e-01   6.2041805099e-01   8.8848650122e-01
   2.1746372056e+00   2.1649582800e+00   1.0000000000e+00   2.0000000000e-03   8.9640784416e-01   6.5751929416e-01   9.2614877855e-01
   2.1926263255e+00   2.1843161312e+00   1.0000000000e+00   2.0000000000e-03   8.6822272622e-01   6.3177331208e-01   8.9614287252e-01
   2.2091291519e+00   2.2009365198e+00   1.0000000000e+00   2.0000000000e-03   8.0911223700e-01   5.7444186778e-01   8.3204710415e-01
   2.2245949236e+00   2.2173217840e+00   1.0000000000e+00   2.0000000000e-03   7.3676195078e-01   5.0353824855e-01   7.5342679296e-01
   2.2399832372e+00   2.2318680633e+00   1.0000000000e+00   2.0000000000e-03   6.6461602481e-01   4.3289730274e-01   6.7523732776e-01
   2.2575401409e+00   2.2480984112e+00   1.0000000000e+00   2.0000000000e-03   6.0088650510e-01   3.7129313055e-01   6.0688316464e-01
   2.2766577295e+00   2.2669818707e+00   1.0000000000e+00   2.0000000000e-03   5.7637220966e-01   3.4978078848e-01   5.8241344249e-01
   2.2986709107e+00   2.2863335883e+00   1.0000000000e+00   2.0000000000e-03   6.0728516789e-01   3.8478520371e-01   6.2016565366e-01
   2.3203621710e+00   2.3110082331e+00   1.0000000000e+00   2.0000000000e-03   7.0508809879e-01   4.8751683793e-01   7.3377683518e-01
   2.3382634137e+00   2.3297161090e+00   1.0000000000e+00   2.0000000000e-03   8.0856010884e-01   5.9476683404e-01   8.5469696800e-01
   2.3538479875e+00   2.3468107183e+00   1.0000000000e+00   2.0000000000e-03   9.0244412757e-01   6.9118604510e-01   9.6607843724e-01
   2.3700859027e+00   2.3608852567e+00   1.0000000000e+00   2.0000000000e-03   9.8892819066e-01   7.7936404318e-01   1.0703832589e+00
   2.3920755628e+00   2.3792865487e+00   1.0000000000e+00   2.0000000000e-03   1.0676861826e+00   8.5848190928e-01   1.1690064282e+00
   2.4175190420e+00   2.4048645770e+00   1.0000000000e+00   2.0000000000e-03   1.1075760356e+00   8.9486471333e-01   1.2305103390e+00
   2.4466623720e+00   2.4301735071e+00   1.0000000000e+00   2.0000000000e-03   1.1103891229e+00   8.9165325234e-01   1.2526396047e+00
   2.4788901599e+00   2.4631512369e+00   1.0000000000e+00   2.0000000000e-03   1.0738820385e+00   8.4581596495e-01   1.2348592681e+00
   2.5060340303e+00   2.4946290829e+00   1.0000000000e+00   2.0000000000e-03   1.0196889926e+00   7.8270995753e-01   1.1933714837e+00
   2.5276732890e+00   2.5174389778e+00   1.0000000000e+00   2.0000000000e-03   9.7352961805e-01   7.3015223234e-01   1.1545247237e+00
   2.5469944296e+00   2.5379076002e+00   1.0000000000e+00   2.0000000000e-03   9.2082633957e-01   6.7089335832e-01   1.1080459512e+00
   2.5644805307e+00   2.5560812589e+00   1.0000000000e+00   2.0000000000e-03   8.6831644192e-01   6.1233611055e-01   1.0604350792e+00
   2.5807535066e+00   2.5728798026e+00   1.0000000000e+00   2.0000000000e-03   8.1641026501e-01   5.5487180484e-01   1.0122872148e+00
   2.5960747933e+00   2.5886272106e+00   1.0000000000e+00   2.0000000000e-03   7.6414138293e-01   4.9737994222e-01   9.6287427431e-01
   2.6106173425e+00   2.6035223760e+00   1.0000000000e+00   2.0000000000e-03   7.1077567085e-01   4.3902150155e-01   9.1161244694e-01
   2.6277332730e+00   2.6177123090e+00   1.0000000000e+00   2.0000000000e-03   6.4504103357e-01   3.6748894786e-01   8.4765763381e-01
   2.6472879334e+00   2.6377542370e+00   1.0000000000e+00   2.0000000000e-03   5.7042869651e-01   2.8680761999e-01   7.7394238543e-01
   2.6658907811e+00   2.6568216299e+00   1.0000000000e+00   2.0000000000e-03   4.9452307094e-01   2.0519652389e-01   6.9798018642e-01
   2.6836462576e+00   2.6749599324e+00   1.0000000000e+00   2.0000000000e-03   4.1731970578e-01   1.2259261406e-01   6.1994528481e-01
   2.7007110163e+00   2.6923325828e+00   1.0000000000e+00   2.0000000000e-03   3.3980863291e-01   4.0011449106e-02   5.4097953930e-01
   2.7172290195e+00   2.7090894497e+00   1.0000000000e+00   2.0000000000e-03   2.6227729810e-01  -4.2288910068e-02   4.6151749688e-01
   2.7333335480e+00   2.7253685892e+00   1.0000000000e+00   2.0000000000e-03   1.8480543250e-01  -1.2427177012e-01   3.8177430409e-01
   2.7491479294e+00   2.7412985067e+00   1.0000000000e+00   2.0000000000e-03   1.0736842307e-01  -2.0600741352e-01   3.0184535399e-01
   2.7647857594e+00   2.7569973521e+00   1.0000000000e+00   2.0000000000e-03   2.9774555772e-02  -2.8773922963e-01   2.2164453777e-01
   2.7803535996e+00   2.7725741666e+00   1.0000000000e+00   2.0000000000e-03  -4.8162358898e-02  -3.6970332289e-01   1.4108742617e-01
   2.7959560941e+00   2.7881330325e+00   1.0000000000e+00   2.0000000000e-03  -1.2625228295e-01  -4.5174108895e-01   6.0477810262e-02
   2.8116966319e+00   2.8037791558e+00   1.0000000000e+00   2.0000000000e-03  -2.0406966290e-01  -5.3344921067e-01  -1.9636618446e-02
   2.8276786867e+00   2.8196141080e+00   1.0000000000e+00   2.0000000000e-03  -2.8161432039e-01  -6.1487505995e-01  -9.9145229920e-02
   2.8440127840e+00   2.8357432653e+00   1.0000000000e+00   2.0000000000e-03  -3.5910373002e-01  -6.9630062245e-01  -1.7815578598e-01
   2.8608217043e+00   2.8522823027e+00   1.0000000000e+00   2.0000000000e-03  -4.3657341421e-01  -7.7782734188e-01  -2.5657786403e-01
   2.8782455994e+00   2.8693611059e+00   1.0000000000e+00   2.0000000000e-03  -5.1394515562e-01  -8.5945406929e-01  -3.3419074378e-01
   2.8964544646e+00   2.8871300929e+00   1.0000000000e+00   2.0000000000e-03  -5.9098093219e-01  -9.4103339466e-01  -4.1060518880e-01
   2.9156733571e+00   2.9057788364e+00   1.0000000000e+00   2.0000000000e-03  -6.6670446238e-01  -1.0216636144e+00  -4.8470313692e-01
   2.9361307378e+00   2.9255678777e+00   1.0000000000e+00   2.0000000000e-03  -7.4082076881e-01  -1.1012327041e+00  -5.5599538990e-01
   2.9543999826e+00   2.9466935978e+00   1.0000000000e+00   2.0000000000e-03  -8.0639614997e-01  -1.1724557969e+00  -6.1778699861e-01
   2.9705386050e+00   2.9621063674e+00   1.0000000000e+00   2.0000000000e-03  -8.5975800811e-01  -1.2311227076e+00  -6.6715795107e-01
   2.9885080890e+00   2.9789708425e+00   1.0000000000e+00   2.0000000000e-03  -9.1186070452e-01  -1.2894831827e+00  -7.1417528550e-01
   3.0096080809e+00   2.9980453354e+00   1.0000000000e+00   2.0000000000e-03  -9.6415616191e-01  -1.3497719195e+00  -7.5979644775e-01
   3.0283681769e+00   3.0211708263e+00   1.0000000000e+00   2.0000000000e-03  -1.0007479373e+00  -1.3944243252e+00  -7.8989542076e-01
   3.0450683658e+00   3.0355655274e+00   1.0000000000e+00   2.0000000000e-03  -1.0287896732e+00  -1.4306971618e+00  -8.1166654431e-01
   3.0672685543e+00   3.0545712042e+00   1.0000000000e+00   2.0000000000e-03  -1.0573806324e+00  -1.4716242558e+00  -8.3166184970e-01
   3.0926632546e+00   3.0799659045e+00   1.0000000000e+00   2.0000000000e-03  -1.0630588022e+00  -1.4866560541e+00  -8.3253909135e-01
   3.1218564957e+00   3.1053606048e+00   1.0000000000e+00   2.0000000000e-03  -1.0522255603e+00  -1.4952633523e+00  -8.1463149494e-01
   3.1459570180e+00   3.1383523867e+00   1.0000000000e+00   2.0000000000e-03  -1.0219762280e+00  -1.4830589236e+00  -7.8195243692e-01
   3.1610262117e+00   3.1535616492e+00   1.0000000000e+00   2.0000000000e-03  -9.9857472524e-01  -1.4702203882e+00  -7.5868431049e-01
   3.1791178221e+00   3.1684907741e+00   1.0000000000e+00   2.0000000000e-03  -9.5916509095e-01  -1.4456516395e+00  -7.2144937482e-01
   3.1984992787e+00   3.1897448701e+00   1.0000000000e+00   2.0000000000e-03  -9.0455221153e-01  -1.4091806921e+00  -6.7191122190e-01
   3.2149568085e+00   3.2072536873e+00   1.0000000000e+00   2.0000000000e-03  -8.5215324026e-01  -1.3728347649e+00  -6.2580652211e-01
   3.2297265796e+00   3.2226599296e+00   1.0000000000e+00   2.0000000000e-03  -8.0020497421e-01  -1.3359750898e+00  -5.8112643243e-01
   3.2465152380e+00   3.2367932296e+00   1.0000000000e+00   2.0000000000e-03  -7.3615368245e-01  -1.2898777874e+00  -5.2697900130e-01
   3.2652571695e+00   3.2562372464e+00   1.0000000000e+00   2.0000000000e-03  -6.5785513802e-01  -1.2327873745e+00  -4.6204332963e-01
   3.2827921715e+00   3.2742770925e+00   1.0000000000e+00   2.0000000000e-03  -5.7974729411e-01  -1.1754074837e+00  -3.9810199283e-01
   3.2995518914e+00   3.2913072504e+00   1.0000000000e+00   2.0000000000e-03  -5.0170019865e-01  -1.1178447567e+00  -3.3471396023e-01
   3.3158553279e+00   3.3077965324e+00   1.0000000000e+00   2.0000000000e-03  -4.2352312445e-01  -1.0601162199e+00  -2.7143685866e-01
   3.3318909499e+00   3.3239141234e+00   1.0000000000e+00   2.0000000000e-03  -3.4534910173e-01  -1.0024769854e+00  -2.0810077415e-01
   3.3478585253e+00   3.3398677764e+00   1.0000000000e+00   2.0000000000e-03  -2.6706616246e-01  -9.4503276789e-01  -1.4432949718e-01
   3.3639354495e+00   3.3558492742e+00   1.0000000000e+00   2.0000000000e-03  -1.8854551646e-01  -8.8795067707e-01  -7.9705411727e-02
   3.3802901069e+00   3.3720216248e+00   1.0000000000e+00   2.0000000000e-03  -1.0961458666e-01  -8.3150055648e-01  -1.3728035596e-02
   3.3970761850e+00   3.3885585891e+00   1.0000000000e+00   2.0000000000e-03  -3.0095650722e-02  -7.7617265854e-01   5.4173326745e-02
   3.4145147641e+00   3.4055937808e+00   1.0000000000e+00   2.0000000000e-03   5.0591190400e-02  -7.2252080634e-01   1.2499456017e-01
   3.4329588311e+00   3.4234357474e+00   1.0000000000e+00   2.0000000000e-03   1.3367186877e-01  -6.7122803657e-01   2.0044529375e-01
   3.4583255300e+00   3.4424819149e+00   1.0000000000e+00   2.0000000000e-03   2.4465729808e-01  -6.1052757268e-01   3.0543089328e-01
   3.4864490728e+00   3.4741691450e+00   1.0000000000e+00   2.0000000000e-03   3.6162986865e-01  -5.6545542122e-01   4.2452780850e-01
   3.5083248200e+00   3.4987290005e+00   1.0000000000e+00   2.0000000000e-03   4.4769223652e-01  -5.4498136814e-01   5.1748533628e-01
   3.5284075459e+00   3.5179206395e+00   1.0000000000e+00   2.0000000000e-03   5.2221327497e-01  -5.3653764667e-01   6.0188939601e-01
   3.5466049132e+00   3.5388944523e+00   1.0000000000e+00   2.0000000000e-03   5.8446632755e-01  -5.3862237117e-01   6.7624986684e-01
   3.5629450232e+00   3.5543153742e+00   1.0000000000e+00   2.0000000000e-03   6.3653361023e-01  -5.4643049468e-01   7.4091483419e-01
   3.5812452169e+00   3.5715746722e+00   1.0000000000e+00   2.0000000000e-03   6.8982442890e-01  -5.6194455426e-01   8.0997655463e-01
   3.6019476057e+00   3.5909157615e+00   1.0000000000e+00   2.0000000000e-03   7.4373947379e-01  -5.8696488078e-01   8.8301024850e-01
   3.6257540712e+00   3.6129794498e+00   1.0000000000e+00   2.0000000000e-03   7.9779368624e-01  -6.2368956132e-01   9.5941618134e-01
   3.6456409242e+00   3.6385286926e+00   1.0000000000e+00   2.0000000000e-03   8.3597156157e-01  -6.5989954076e-01   1.0152183936e+00
   3.6608564518e+00   3.6527531559e+00   1.0000000000e+00   2.0000000000e-03   8.6243543819e-01  -6.8921838026e-01   1.0542838597e+00
   3.6782714717e+00   3.6689597476e+00   1.0000000000e+00   2.0000000000e-03   8.8932917324e-01  -7.2417094456e-01   1.0940527787e+00
   3.6975580075e+00   3.6875831958e+00   1.0000000000e+00   2.0000000000e-03   9.1496354806e-01  -7.6364538430e-01   1.1314571969e+00
   3.7198859547e+00   3.7075328192e+00   1.0000000000e+00   2.0000000000e-03   9.3948688211e-01  -8.0879135121e-01   1.1658733473e+00
   3.7428467027e+00   3.7322390902e+00   1.0000000000e+00   2.0000000000e-03   9.5758342467e-01  -8.5182215430e-01   1.1885118638e+00
   3.7612909070e+00   3.7534543151e+00   1.0000000000e+00   2.0000000000e-03   9.6628478054e-01  -8.8171001104e-01   1.1965106826e+00
   3.7784020055e+00   3.7691274989e+00   1.0000000000e+00   2.0000000000e-03   9.6959337371e-01  -9.0487502811e-01   1.1960992810e+00
   3.7974303758e+00   3.7876765122e+00   1.0000000000e+00   2.0000000000e-03   9.6573506593e-01  -9.2294241319e-01   1.1841571924e+00
   3.8192611092e+00   3.8071842393e+00   1.0000000000e+00   2.0000000000e-03   9.4978915500e-01  -9.3204342878e-01   1.1546191844e+00
   3.8402826909e+00   3.8313379790e+00   1.0000000000e+00   2.0000000000e-03   9.1631921224e-01  -9.2363810632e-01   1.1039120463e+00
   3.8570226763e+00   3.8492274028e+00   1.0000000000e+00   2.0000000000e-03   8.7637234715e-01  -9.0518062511e-01   1.0485218627e+00
   3.8721986038e+00   3.8648179498e+00   1.0000000000e+00   2.0000000000e-03   8.2861013141e-01  -8.7856165497e-01   9.8586911662e-01
   3.8873745312e+00   3.8795792577e+00   1.0000000000e+00   2.0000000000e-03   7.6979702967e-01  -8.4256882118e-01   9.1169236335e-01
   3.9041145167e+00   3.8951698047e+00   1.0000000000e+00   2.0000000000e-03   6.9289703930e-01  -7.9253533564e-01   8.1767002099e-01
   3.9251360984e+00   3.9130592286e+00   1.0000000000e+00   2.0000000000e-03   5.8180253706e-01  -7.1666084423e-01   6.8532306184e-01
   3.9469668318e+00   3.9372129682e+00   1.0000000000e+00   2.0000000000e-03   4.5271728287e-01  -6.2400214343e-01   5.3525998989e-01
   3.9659952020e+00   3.9567206954e+00   1.0000000000e+00   2.0000000000e-03   3.3531444262e-01  -5.3689932008e-01   4.0083261555e-01
   3.9831063006e+00   3.9752697087e+00   1.0000000000e+00   2.0000000000e-03   2.2850316977e-01  -4.5544491808e-01   2.8012410377e-01
   4.0015505049e+00   3.9909428924e+00   1.0000000000e+00   2.0000000000e-03   1.1410820613e-01  -3.6634888657e-01   1.5225684529e-01
   4.0243346453e+00   4.0121581174e+00   1.0000000000e+00   2.0000000000e-03  -2.3338630371e-02  -2.5633227864e-01   9.6325742791e-04
   4.0480161457e+00   4.0365111733e+00   1.0000000000e+00   2.0000000000e-03  -1.5887225037e-01  -1.4394128640e-01  -1.4554902366e-01
   4.0670091520e+00   4.0595211181e+00   1.0000000000e+00   2.0000000000e-03  -2.6066094055e-01  -5.5405123775e-02  -2.5381776308e-01
   4.0861013549e+00   4.0744971859e+00   1.0000000000e+00   2.0000000000e-03  -3.5796281334e-01   3.3141318676e-02  -3.5638938539e-01
   4.1107488848e+00   4.0977055239e+00   1.0000000000e+00   2.0000000000e-03  -4.7254427867e-01   1.4838699852e-01  -4.7596002587e-01
   4.1349923317e+00   4.1237922458e+00   1.0000000000e+00   2.0000000000e-03  -5.7092480629e-01   2.6602312856e-01  -5.7825500687e-01
   4.1562647704e+00   4.1461924176e+00   1.0000000000e+00   2.0000000000e-03  -6.4354668413e-01   3.7419582153e-01  -6.5402972301e-01
   4.1846935665e+00   4.1663371232e+00   1.0000000000e+00   2.0000000000e-03  -7.1950282736e-01   5.2496729475e-01  -7.3379124598e-01
   4.2166864295e+00   4.2030500098e+00   1.0000000000e+00   2.0000000000e-03  -7.4525207782e-01   7.0322635987e-01  -7.6092560449e-01
   4.2409198862e+00   4.2303228492e+00   1.0000000000e+00   2.0000000000e-03  -7.1858627836e-01   8.3510076280e-01  -7.2985473087e-01
   4.2656027667e+00   4.2515169233e+00   1.0000000000e+00   2.0000000000e-03  -6.5139875982e-01   9.6113265862e-01  -6.5070273937e-01
   4.2968814843e+00   4.2796886102e+00   1.0000000000e+00   2.0000000000e-03  -5.0446253070e-01   1.0982877673e+00  -4.7015665039e-01
   4.3277107781e+00   4.3140743584e+00   1.0000000000e+00   2.0000000000e-03  -3.2233909800e-01   1.2001265298e+00  -2.2554640500e-01
   4.3597036411e+00   4.3413471977e+00   1.0000000000e+00   2.0000000000e-03  -1.4339680944e-01   1.2771317176e+00   4.0974557066e-02
   4.3881324372e+00   4.3780600844e+00   1.0000000000e+00   2.0000000000e-03  -3.5538645239e-02   1.3077398098e+00   2.4020460320e-01
   4.4094048759e+00   4.3982047900e+00   1.0000000000e+00   2.0000000000e-03   2.1923923852e-02   1.3114579376e+00   3.6056617745e-01
   4.4336483227e+00   4.4206049618e+00   1.0000000000e+00   2.0000000000e-03   6.2361676791e-02   1.2873764215e+00   4.5280805879e-01
   4.4582958527e+00   4.4466916837e+00   1.0000000000e+00   2.0000000000e-03   8.7538911318e-02   1.2244084913e+00   4.8792347289e-01
   4.4773880556e+00   4.4699000217e+00   1.0000000000e+00   2.0000000000e-03   1.0810652791e-01   1.1475557479e+00   4.7537545773e-01
   4.4963810619e+00   4.4848760895e+00   1.0000000000e+00   2.0000000000e-03   1.3430801776e-01   1.0539542799e+00   4.3975661568e-01
   4.5200625622e+00   4.5078860343e+00   1.0000000000e+00   2.0000000000e-03   1.8500461919e-01   9.0860340214e-01   3.5809255603e-01
   4.5428467027e+00   4.5322390902e+00   1.0000000000e+00   2.0000000000e-03   2.5411691779e-01   7.5021159379e-01   2.5515201633e-01
   4.5612909070e+00   4.5534543151e+00   1.0000000000e+00   2.0000000000e-03   3.2079291917e-01   6.1888793506e-01   1.6583213613e-01
   4.5784020055e+00   4.5691274989e+00   1.0000000000e+00   2.0000000000e-03   3.8644513605e-01   5.0062958206e-01   8.4887873916e-02
   4.5974303758e+00   4.5876765122e+00   1.0000000000e+00   2.0000000000e-03   4.5965220485e-01   3.7983919308e-01   3.5659703335e-03
   4.6192611092e+00   4.6071842393e+00   1.0000000000e+00   2.0000000000e-03   5.3816469850e-01   2.5929586575e-01  -7.4193625624e-02
   4.6402826909e+00   4.6313379790e+00   1.0000000000e+00   2.0000000000e-03   6.0225598973e-01   1.6605640556e-01  -1.2939877686e-01
   4.6629581285e+00   4.6492274028e+00   1.0000000000e+00   2.0000000000e-03   6.6192619560e-01   7.9532030111e-02  -1.7733265616e-01
   4.6900049603e+00   4.6766888541e+00   1.0000000000e+00   2.0000000000e-03   7.1946175210e-01  -1.0772068373e-02  -2.2502763204e-01
   4.7112288755e+00   4.7033210664e+00   1.0000000000e+00   2.0000000000e-03   7.5998289615e-01  -8.3246786272e-02  -2.6437210225e-01
   4.7300816397e+00   4.7191366847e+00   1.0000000000e+00   2.0000000000e-03   7.9461213202e-01  -1.5008519373e-01  -3.0120085089e-01
   4.7503056216e+00   4.7410265948e+00   1.0000000000e+00   2.0000000000e-03   8.2935025893e-01  -2.2447616546e-01  -3.4216606995e-01
   4.7697603800e+00   4.7595846483e+00   1.0000000000e+00   2.0000000000e-03   8.5807569022e-01  -2.9388587576e-01  -3.7904012648e-01
   4.7947815766e+00   4.7799361117e+00   1.0000000000e+00   2.0000000000e-03   8.8277891320e-01  -3.7179033602e-01  -4.1619243521e-01
   4.8252284430e+00   4.8096270416e+00   1.0000000000e+00   2.0000000000e-03   8.7672159523e-01  -4.2630334462e-01  -4.2742703001e-01
   4.8571294434e+00   4.8408298443e+00   1.0000000000e+00   2.0000000000e-03   8.1740772703e-01  -4.2193996270e-01  -3.8890570966e-01
   4.8829863739e+00   4.8734290424e+00   1.0000000000e+00   2.0000000000e-03   7.2641344216e-01  -3.6853203090e-01  -3.1902368739e-01
   4.9006720212e+00   4.8925437053e+00   1.0000000000e+00   2.0000000000e-03   6.5325261216e-01  -3.1902752797e-01  -2.6290962827e-01
   4.9166829509e+00   4.9088003371e+00   1.0000000000e+00   2.0000000000e-03   5.8311071011e-01  -2.6908626103e-01  -2.1056084550e-01
   4.9330657015e+00   4.9245655647e+00   1.0000000000e+00   2.0000000000e-03   5.1189016298e-01  -2.1753293457e-01  -1.6000540476e-01
   4.9494140124e+00   4.9415658383e+00   1.0000000000e+00   2.0000000000e-03   4.4608870156e-01  -1.7029965297e-01  -1.1729674245e-01
   4.9685745224e+00   4.9572621866e+00   1.0000000000e+00   2.0000000000e-03   3.7877139371e-01  -1.2335676800e-01  -7.9122602544e-02
   4.9894353491e+00   4.9798868582e+00   1.0000000000e+00   2.0000000000e-03   3.2587412514e-01  -8.9637514439e-02  -5.9465552862e-02
   5.0185161202e+00   4.9989838401e+00   1.0000000000e+00   2.0000000000e-03   2.7688152805e-01  -6.2477003840e-02  -5.5505355362e-02
   5.0514107229e+00   5.0380484003e+00   1.0000000000e+00   2.0000000000e-03   2.6788575374e-01  -6.3414628489e-02  -8.4266074256e-02
   5.0825980087e+00   5.0647730454e+00   1.0000000000e+00   2.0000000000e-03   2.7248033903e-01  -7.0638395637e-02  -1.1318350291e-01
   5.1159083306e+00   5.1004229720e+00   1.0000000000e+00   2.0000000000e-03   2.7579736516e-01  -7.5524667175e-02  -1.2783391358e-01
   5.1468790478e+00   5.1313936892e+00   1.0000000000e+00   2.0000000000e-03   2.6971352444e-01  -7.7447665461e-02  -1.2488898949e-01
   5.1742000179e+00   5.1623644064e+00   1.0000000000e+00   2.0000000000e-03   2.5699875157e-01  -7.7634531643e-02  -1.0857144951e-01
   5.1963818000e+00   5.1860356294e+00   1.0000000000e+00   2.0000000000e-03   2.4654936536e-01  -7.7730667055e-02  -8.9350972119e-02
   5.2163197465e+00   5.2067279705e+00   1.0000000000e+00   2.0000000000e-03   2.4161781590e-01  -7.9841351082e-02  -7.1078421252e-02
   5.2458303768e+00   5.2259115224e+00   1.0000000000e+00   2.0000000000e-03   2.4718959143e-01  -9.0390740912e-02  -4.9657866710e-02
   5.2772621030e+00   5.2657492312e+00   1.0000000000e+00   2.0000000000e-03   3.0337464750e-01  -1.3724421617e-01  -6.6367299887e-02
   5.2985517738e+00   5.2887749748e+00   1.0000000000e+00   2.0000000000e-03   3.6344958437e-01  -1.8712294703e-01  -9.9860872464e-02
   5.3155817307e+00   5.3083285729e+00   1.0000000000e+00   2.0000000000e-03   4.2412962321e-01  -2.3785668382e-01  -1.4105692032e-01
   5.3313483501e+00   5.3228348886e+00   1.0000000000e+00   2.0000000000e-03   4.8610809681e-01  -2.8967270680e-01  -1.8680573799e-01
   5.3481503725e+00   5.3398618115e+00   1.0000000000e+00   2.0000000000e-03   5.5507025632e-01  -3.4671651403e-01  -2.4109558215e-01
   5.3657669499e+00   5.3564389335e+00   1.0000000000e+00   2.0000000000e-03   6.2497804098e-01  -4.0286011675e-01  -2.9830909092e-01
   5.3846084071e+00   5.3750949663e+00   1.0000000000e+00   2.0000000000e-03   6.9030241248e-01  -4.5149856580e-01  -3.5295388015e-01
   5.4049086428e+00   5.3941218479e+00   1.0000000000e+00   2.0000000000e-03   7.4420386742e-01  -4.8463945662e-01  -3.9787196028e-01
   5.4330421372e+00   5.4156954376e+00   1.0000000000e+00   2.0000000000e-03   7.8704052194e-01  -4.9353930026e-01  -4.3102905046e-01
   5.4622909759e+00   5.4503888367e+00   1.0000000000e+00   2.0000000000e-03   7.7718557539e-01  -4.3975675324e-01  -4.1354894087e-01
   5.4833578102e+00   5.4741931151e+00   1.0000000000e+00   2.0000000000e-03   7.5084003028e-01  -3.7975306825e-01  -3.8257611689e-01
   5.5009478175e+00   5.4925225053e+00   1.0000000000e+00   2.0000000000e-03   7.2149835797e-01  -3.2259394533e-01  -3.4975805012e-01
   5.5182637563e+00   5.5093731297e+00   1.0000000000e+00   2.0000000000e-03   6.9066949534e-01  -2.6598239719e-01  -3.1545570365e-01
   5.5378245302e+00   5.5271543829e+00   1.0000000000e+00   2.0000000000e-03   6.5952591715e-01  -2.0903541425e-01  -2.7942361856e-01
   5.5604055028e+00   5.5484946775e+00   1.0000000000e+00   2.0000000000e-03   6.3546642148e-01  -1.6081837388e-01  -2.4661339558e-01
   5.5796935565e+00   5.5723163282e+00   1.0000000000e+00   2.0000000000e-03   6.2418230142e-01  -1.3260693958e-01  -2.2340211522e-01
   5.5953450918e+00   5.5870707847e+00   1.0000000000e+00   2.0000000000e-03   6.1642683892e-01  -1.1140067098e-01  -2.0300148582e-01
   5.6163021021e+00   5.6036193988e+00   1.0000000000e+00   2.0000000000e-03   6.0452521887e-01  -7.9739071170e-02  -1.6876044850e-01
   5.6388608379e+00   5.6289848054e+00   1.0000000000e+00   2.0000000000e-03   5.8418563986e-01  -3.0070030584e-02  -1.1308554869e-01
   5.6559932709e+00   5.6487368704e+00   1.0000000000e+00   2.0000000000e-03   5.6369857771e-01   2.1122793437e-02  -5.6977293338e-02
   5.6712434562e+00   5.6632496714e+00   1.0000000000e+00   2.0000000000e-03   5.4322523549e-01   7.5621652085e-02   1.5601556697e-03
   5.6899825571e+00   5.6792372411e+00   1.0000000000e+00   2.0000000000e-03   5.1741986705e-01   1.5278341989e-01   8.2716559598e-02
   5.7103806364e+00   5.7007278731e+00   1.0000000000e+00   2.0000000000e-03   4.9403510518e-01   2.4491205016e-01   1.7707305399e-01
   5.7320521760e+00   5.7200333997e+00   1.0000000000e+00   2.0000000000e-03   4.7929861584e-01   3.4130239517e-01   2.7302694975e-01
   5.7529386911e+00   5.7440709523e+00   1.0000000000e+00   2.0000000000e-03   4.8189386815e-01   4.2036743228e-01   3.4682332910e-01
   5.7732685338e+00   5.7618064300e+00   1.0000000000e+00   2.0000000000e-03   4.9669318576e-01   4.8023017523e-01   3.9635401871e-01
   5.7946813253e+00   5.7847306376e+00   1.0000000000e+00   2.0000000000e-03   5.2531801492e-01   5.1369922520e-01   4.0917225092e-01
   5.8172803246e+00   5.8046320129e+00   1.0000000000e+00   2.0000000000e-03   5.5863751193e-01   5.2110003529e-01   3.8325735475e-01
   5.8401132490e+00   5.8299286364e+00   1.0000000000e+00   2.0000000000e-03   5.8175131931e-01   4.9443672667e-01   3.0497444014e-01
   5.8579490684e+00   5.8502978615e+00   1.0000000000e+00   2.0000000000e-03   5.8431502053e-01   4.5428530145e-01   2.1235936720e-01
   5.8731555143e+00   5.8656002752e+00   1.0000000000e+00   2.0000000000e-03   5.7349159842e-01   4.0931238055e-01   1.1552459456e-01
   5.8942080136e+00   5.8807107535e+00   1.0000000000e+00   2.0000000000e-03   5.3860706895e-01   3.3522212692e-01  -3.8263747645e-02
   5.9154509146e+00   5.9077052737e+00   1.0000000000e+00   2.0000000000e-03   4.6438341189e-01   2.4979626426e-01  -2.1169841551e-01
   5.9353021798e+00   5.9231965555e+00   1.0000000000e+00   2.0000000000e-03   3.7106358332e-01   1.7429517993e-01  -3.6984281356e-01
   5.9595134285e+00   5.9474078042e+00   1.0000000000e+00   2.0000000000e-03   2.0954511734e-01   1.0775117382e-01  -5.3095809853e-01
   5.9793646938e+00   5.9716190529e+00   1.0000000000e+00   2.0000000000e-03   5.0215096674e-02   7.8694060345e-02  -6.2311780141e-01
   6.0006075948e+00   5.9871103347e+00   1.0000000000e+00   2.0000000000e-03  -1.2622115990e-01   6.0763493033e-02  -6.9454342892e-01
   6.0216600940e+00   6.0141048549e+00   1.0000000000e+00   2.0000000000e-03  -2.8998926951e-01   5.8138259123e-02  -7.2281542448e-01
   6.0368665400e+00   6.0292153332e+00   1.0000000000e+00   2.0000000000e-03  -4.0011185979e-01   6.3508930454e-02  -7.2709840659e-01
   6.0547023594e+00   6.0445177468e+00   1.0000000000e+00   2.0000000000e-03  -5.1838630842e-01   8.0353580862e-02  -7.1428472178e-01
   6.0775352837e+00   6.0648869720e+00   1.0000000000e+00   2.0000000000e-03  -6.5146915559e-01   1.2398579654e-01  -6.7141164322e-01
   6.1001342831e+00   6.0901835955e+00   1.0000000000e+00   2.0000000000e-03  -7.6244837638e-01   1.9911451112e-01  -6.0300655592e-01
   6.1215470746e+00   6.1100849707e+00   1.0000000000e+00   2.0000000000e-03  -8.5197942555e-01   2.9521553131e-01  -5.2094829871e-01
   6.1418769172e+00   6.1330091784e+00   1.0000000000e+00   2.0000000000e-03  -9.1844877362e-01   4.1237337225e-01  -4.2384539758e-01
   6.1627634324e+00   6.1507446561e+00   1.0000000000e+00   2.0000000000e-03  -9.7051293413e-01   5.5022173843e-01  -3.0693927913e-01
   6.1844349719e+00   6.1747822086e+00   1.0000000000e+00   2.0000000000e-03  -1.0003098984e+00   7.1138800559e-01  -1.5824374962e-01
   6.2048330513e+00   6.1940877352e+00   1.0000000000e+00   2.0000000000e-03  -1.0105117889e+00   8.7114898886e-01   4.4897245845e-03
   6.2235721521e+00   6.2155783673e+00   1.0000000000e+00   2.0000000000e-03  -1.0043522838e+00   1.0209635113e+00   1.7735398250e-01
   6.2388223375e+00   6.2315659370e+00   1.0000000000e+00   2.0000000000e-03  -9.9310615630e-01   1.1422287627e+00   3.3039814546e-01
   6.2559547705e+00   6.2460787379e+00   1.0000000000e+00   2.0000000000e-03  -9.7753579932e-01   1.2760440468e+00   5.1221723931e-01
   6.2785135063e+00   6.2658308030e+00   1.0000000000e+00   2.0000000000e-03  -9.5932771792e-01   1.4448041513e+00   7.6173832844e-01
   6.2994705166e+00   6.2911962096e+00   1.0000000000e+00   2.0000000000e-03  -9.5572265975e-01   1.5869771165e+00   9.8968711993e-01
   6.3151220519e+00   6.3077448236e+00   1.0000000000e+00   2.0000000000e-03  -9.6044818189e-01   1.6800903044e+00   1.1481537329e+00
   6.3304032834e+00   6.3224992802e+00   1.0000000000e+00   2.0000000000e-03  -9.6910741941e-01   1.7537966539e+00   1.2851181587e+00
   6.3474078042e+00   6.3383072866e+00   1.0000000000e+00   2.0000000000e-03  -9.7851862265e-01   1.8080625650e+00   1.4079031010e+00
   6.3644123250e+00   6.3565083218e+00   1.0000000000e+00   2.0000000000e-03  -9.8149168553e-01   1.8242556896e+00   1.4889582976e+00
   6.3796935565e+00   6.3723163282e+00   1.0000000000e+00   2.0000000000e-03  -9.7739102496e-01   1.8096420966e+00   1.5279107090e+00
   6.3953450918e+00   6.3870707847e+00   1.0000000000e+00   2.0000000000e-03  -9.6651287911e-01   1.7697049932e+00   1.5366942117e+00
   6.4163021021e+00   6.4036193988e+00   1.0000000000e+00   2.0000000000e-03  -9.4098066337e-01   1.6835935691e+00   1.5050559288e+00
   6.4388608379e+00   6.4289848054e+00   1.0000000000e+00   2.0000000000e-03  -8.8895036174e-01   1.5445329816e+00   1.4068687245e+00
   6.4559932709e+00   6.4487368704e+00   1.0000000000e+00   2.0000000000e-03  -8.2997002275e-01   1.4149190575e+00   1.2994833839e+00
   6.4712434562e+00   6.4632496714e+00   1.0000000000e+00   2.0000000000e-03  -7.6400415181e-01   1.2867290984e+00   1.1863534275e+00
   6.4899825571e+00   6.4792372411e+00   1.0000000000e+00   2.0000000000e-03  -6.6586237471e-01   1.1166789549e+00   1.0296770026e+00
   6.5103806364e+00   6.5007278731e+00   1.0000000000e+00   2.0000000000e-03  -5.3961143709e-01   9.2379321062e-01   8.4592508411e-01
   6.5320521760e+00   6.5200333997e+00   1.0000000000e+00   2.0000000000e-03  -3.9506779925e-01   7.2229535140e-01   6.5058731051e-01
   6.5529386911e+00   6.5440709523e+00   1.0000000000e+00   2.0000000000e-03  -2.5331107886e-01   5.4293263293e-01   4.7457428135e-01
   6.5732685338e+00   6.5618064300e+00   1.0000000000e+00   2.0000000000e-03  -1.1805529954e-01   3.8184009388e-01   3.1600160753e-01
   6.5946813253e+00   6.5847306376e+00   1.0000000000e+00   2.0000000000e-03   1.8217858365e-02   2.2907136475e-01   1.6649813079e-01
   6.6172803246e+00   6.6046320129e+00   1.0000000000e+00   2.0000000000e-03   1.5799994548e-01   7.6769670748e-02   1.9830188342e-02
   6.6401132490e+00   6.6299286364e+00   1.0000000000e+00   2.0000000000e-03   2.9902262149e-01  -7.7268013490e-02  -1.2385679265e-01
   6.6579490684e+00   6.6502978615e+00   1.0000000000e+00   2.0000000000e-03   4.1181911817e-01  -2.0352751525e-01  -2.3846211626e-01
   6.6731555143e+00   6.6656002752e+00   1.0000000000e+00   2.0000000000e-03   5.0982290403e-01  -3.1579253241e-01  -3.3859588646e-01
   6.6942080136e+00   6.6807107535e+00   1.0000000000e+00   2.0000000000e-03   6.4659747411e-01  -4.7606868541e-01  -4.7962899501e-01
   6.7154509146e+00   6.7077052737e+00   1.0000000000e+00   2.0000000000e-03   7.7870738956e-01  -6.3684873932e-01  -6.1904160438e-01
   6.7313193737e+00   6.7231965555e+00   1.0000000000e+00   2.0000000000e-03   8.6866961945e-01  -7.4904901688e-01  -7.1604746186e-01
   6.7529277812e+00   6.7394421919e+00   1.0000000000e+00   2.0000000000e-03   9.7227087317e-01  -8.8285463396e-01  -8.3180886791e-01
   6.7799748230e+00   6.7664133704e+00   1.0000000000e+00   2.0000000000e-03   1.0482679664e+00  -9.9411817046e-01  -9.2885191209e-01
   6.8057965439e+00   6.7935362756e+00   1.0000000000e+00   2.0000000000e-03   1.0625620233e+00  -1.0399072049e+00  -9.6829304694e-01
   6.8301645300e+00   6.8180568122e+00   1.0000000000e+00   2.0000000000e-03   1.0288493349e+00  -1.0353580983e+00  -9.6282544915e-01
   6.8510612161e+00   6.8422722478e+00   1.0000000000e+00   2.0000000000e-03   9.6710649644e-01  -9.9857023556e-01  -9.2944800629e-01
   6.8675833220e+00   6.8598501845e+00   1.0000000000e+00   2.0000000000e-03   9.0478653569e-01  -9.5541587590e-01  -8.9164227155e-01
   6.8830495971e+00   6.8753164596e+00   1.0000000000e+00   2.0000000000e-03   8.3873690811e-01  -9.0608290636e-01  -8.4959344813e-01
   6.9062132767e+00   6.8907827346e+00   1.0000000000e+00   2.0000000000e-03   7.3172396544e-01  -8.2069380056e-01  -7.7831463561e-01
   6.9403575019e+00   6.9216438187e+00   1.0000000000e+00   2.0000000000e-03   5.5481074579e-01  -6.5651112155e-01  -6.4093252667e-01
   6.9690602380e+00   6.9590711852e+00   1.0000000000e+00   2.0000000000e-03   3.5026255221e-01  -4.2509571743e-01  -4.2341351512e-01
   6.9895246454e+00   6.9790492908e+00   1.0000000000e+00   2.0000000000e-03   1.7502294332e-01  -2.1518489026e-01  -2.1679230496e-01
