# time = 0
# Grid points = 408
# Domain Size = 7
# Pressure (Pa) = 101325
#             1_pos             2_posf             3_rho             4_dvisc             5_uvel             6_vvel             7_wvel
  -6.9456283167e+00  -7.0000000000e+00   1.0000000000e+00   1.8500000000e-04   4.4029161889e-01   6.6632013079e-01   5.4834209027e-02
  -6.8370757081e+00  -6.8912566335e+00   1.0000000000e+00   1.8500000000e-04   6.3846839336e-01   6.2216830966e-01  -1.8553391502e-01
  -6.7214960781e+00  -6.7828947827e+00   1.0000000000e+00   1.8500000000e-04   5.4023684912e-01   5.7701161965e-01  -2.8833034190e-01
  -6.6293980212e+00  -6.6600973735e+00   1.0000000000e+00   1.8500000000e-04   5.9496826340e-01   5.2859520430e-01  -2.0338936765e-01
  -6.5679993165e+00  -6.5986986688e+00   1.0000000000e+00   1.8500000000e-04  -7.2288577318e-02   4.5501185687e-01  -7.8130698524e-02
  -6.5186653060e+00  -6.5372999642e+00   1.0000000000e+00   1.8500000000e-04  -7.1748294318e-01   3.7654866205e-01   8.6462948669e-02
  -6.4813959898e+00  -6.5000306479e+00   1.0000000000e+00   1.8500000000e-04  -7.5012193095e-01   3.2844055131e-01   1.8600333708e-01
  -6.4508281044e+00  -6.4627613316e+00   1.0000000000e+00   1.8500000000e-04  -7.5157569229e-01   2.7171162822e-01  -7.6242955934e-03
  -6.4331545348e+00  -6.4388948771e+00   1.0000000000e+00   1.8500000000e-04  -6.9452265007e-01   1.9801516319e-01  -2.2362405574e-01
  -6.4217691721e+00  -6.4274141926e+00   1.0000000000e+00   1.8500000000e-04  -3.7214698566e-01   7.3482636701e-02  -2.8139996720e-01
  -6.4025123730e+00  -6.4161241516e+00   1.0000000000e+00   1.8500000000e-04   9.2202380832e-02  -1.8348235113e-01  -1.8166159300e-01
  -6.3594146138e+00  -6.3889005944e+00   1.0000000000e+00   1.8500000000e-04   4.5393323033e-01  -4.0012301630e-01   3.2398789886e-02
  -6.3004426528e+00  -6.3299286333e+00   1.0000000000e+00   1.8500000000e-04   6.1077760657e-01  -6.4685872547e-01   2.3323704123e-01
  -6.2256634815e+00  -6.2709566722e+00   1.0000000000e+00   1.8500000000e-04   3.5723229206e-01  -7.5940509452e-01   2.7329382515e-01
  -6.1350771002e+00  -6.1803702909e+00   1.0000000000e+00   1.8500000000e-04   1.0879062802e-01  -3.9294681006e-01   2.2442394470e-01
  -6.0482522542e+00  -6.0897839095e+00   1.0000000000e+00   1.8500000000e-04  -8.8891381752e-02  -1.8392133652e-01  -2.2068651968e-02
  -5.9651889436e+00  -6.0067205989e+00   1.0000000000e+00   1.8500000000e-04  -2.8008054808e-01  -1.4403813139e-01  -2.2141987867e-01
  -5.8821256329e+00  -5.9236572882e+00   1.0000000000e+00   1.8500000000e-04  -5.5889711611e-01  -3.7169015596e-01  -3.1839914172e-01
  -5.7990623222e+00  -5.8405939775e+00   1.0000000000e+00   1.8500000000e-04  -6.6432925705e-01  -6.9133200435e-01  -3.4634708827e-01
  -5.7318238455e+00  -5.7575306668e+00   1.0000000000e+00   1.8500000000e-04  -5.8419326786e-01  -8.8023867256e-01  -2.9968740928e-01
  -5.6909016487e+00  -5.7061170242e+00   1.0000000000e+00   1.8500000000e-04  -3.5368384000e-01  -9.4238111531e-01   3.4251561295e-02
  -5.6528312080e+00  -5.6756862733e+00   1.0000000000e+00   1.8500000000e-04  -1.4764619141e-01  -7.6118827217e-01   5.1468137813e-01
  -5.6071210772e+00  -5.6299761426e+00   1.0000000000e+00   1.8500000000e-04   3.9215782052e-02  -6.1891569658e-01   8.7098342174e-01
  -5.5614109465e+00  -5.5842660119e+00   1.0000000000e+00   1.8500000000e-04   2.3401559662e-01  -3.6457424669e-01   1.0764151730e+00
  -5.5157008158e+00  -5.5385558812e+00   1.0000000000e+00   1.8500000000e-04   4.5890715534e-01  -9.8078663472e-02   9.7892786718e-01
  -5.4792951183e+00  -5.4928457505e+00   1.0000000000e+00   1.8500000000e-04   6.9555772778e-01   2.3395791092e-01   1.0343706273e+00
  -5.4514898984e+00  -5.4657444860e+00   1.0000000000e+00   1.8500000000e-04   8.0984061811e-01   3.3834600520e-01   3.4935677473e-01
  -5.4055657365e+00  -5.4372353107e+00   1.0000000000e+00   1.8500000000e-04   8.4516372476e-01   3.5094594413e-01  -3.0542879653e-01
  -5.3461466421e+00  -5.3738961622e+00   1.0000000000e+00   1.8500000000e-04   8.5268040912e-01   5.7420303940e-01  -3.2502442715e-01
  -5.2906476021e+00  -5.3183971221e+00   1.0000000000e+00   1.8500000000e-04   8.4806138432e-01   7.2098671362e-01  -3.3002625354e-01
  -5.2439426616e+00  -5.2628980821e+00   1.0000000000e+00   1.8500000000e-04   7.5293898183e-01   7.4688423287e-01  -2.7601525820e-01
  -5.2098325714e+00  -5.2249872410e+00   1.0000000000e+00   1.8500000000e-04   5.4939755483e-01   3.9714747278e-01   5.4352495670e-02
  -5.1790021152e+00  -5.1946779018e+00   1.0000000000e+00   1.8500000000e-04   3.3421946255e-01   8.7773647188e-02   5.3477051600e-01
  -5.1476505419e+00  -5.1633263285e+00   1.0000000000e+00   1.8500000000e-04   1.2610777655e-01   6.4336170376e-02   9.0855400272e-01
  -5.1208037744e+00  -5.1319747552e+00   1.0000000000e+00   1.8500000000e-04   2.8020784818e-01   2.2250256541e-01   1.0717255251e+00
  -5.1025914349e+00  -5.1096327937e+00   1.0000000000e+00   1.8500000000e-04   4.8290598567e-01   1.3988172046e-01   8.1595583814e-01
  -5.0867676210e+00  -5.0955500761e+00   1.0000000000e+00   1.8500000000e-04   7.2556037702e-01  -2.7645142401e-02   5.6359479550e-01
  -5.0633199640e+00  -5.0779851659e+00   1.0000000000e+00   1.8500000000e-04   8.2132366741e-01  -3.2822515407e-01   3.6185659426e-01
  -5.0339895601e+00  -5.0486547620e+00   1.0000000000e+00   1.8500000000e-04   5.5430042262e-01  -6.1008596655e-01   1.6605543420e-01
  -4.9899939543e+00  -5.0193243582e+00   1.0000000000e+00   1.8500000000e-04   3.2413459301e-01  -9.2492374402e-01  -1.1990356178e-01
  -4.9143841255e+00  -4.9606635504e+00   1.0000000000e+00   1.8500000000e-04   7.3237906092e-02  -1.0489534848e+00  -2.2441663525e-01
  -4.8218252759e+00  -4.8681047007e+00   1.0000000000e+00   1.8500000000e-04  -2.1053727917e-01  -1.1085474589e+00  -1.3827441544e-01
  -4.7292664261e+00  -4.7755458510e+00   1.0000000000e+00   1.8500000000e-04  -3.5369515653e-01  -1.1650358114e+00   1.0388368257e-01
  -4.6598472889e+00  -4.6829870013e+00   1.0000000000e+00   1.8500000000e-04  -2.6791142312e-01  -1.2525814581e+00   3.1912825474e-01
  -4.6135678641e+00  -4.6367075765e+00   1.0000000000e+00   1.8500000000e-04  -4.2125754519e-01  -1.1906162634e+00   5.1351813247e-01
  -4.5733901601e+00  -4.5904281516e+00   1.0000000000e+00   1.8500000000e-04  -7.7350858021e-01  -1.0266748540e+00   7.1532613216e-01
  -4.5393422093e+00  -4.5563521686e+00   1.0000000000e+00   1.8500000000e-04  -7.0854742767e-01  -7.2766164654e-01   9.4728137409e-01
  -4.5038665630e+00  -4.5223322501e+00   1.0000000000e+00   1.8500000000e-04  -4.0934370031e-01  -4.7736933537e-01   1.1903057332e+00
  -4.4779779066e+00  -4.4854008760e+00   1.0000000000e+00   1.8500000000e-04  -1.2631408897e-01  -2.3147101098e-01   1.3070074888e+00
  -4.4636549445e+00  -4.4705549372e+00   1.0000000000e+00   1.8500000000e-04   2.8173847363e-02   3.6451565790e-02   1.3424517668e+00
  -4.4433502356e+00  -4.4567549518e+00   1.0000000000e+00   1.8500000000e-04   9.3335631697e-02   1.5183291801e-01   1.3475330739e+00
  -4.4053411693e+00  -4.4299455195e+00   1.0000000000e+00   1.8500000000e-04   7.8886962201e-02   1.1659676209e-01   1.3427577183e+00
  -4.3703812108e+00  -4.3807368191e+00   1.0000000000e+00   1.8500000000e-04   2.9900672897e-02   1.1658763086e-02   1.2478132526e+00
  -4.3513741451e+00  -4.3600256024e+00   1.0000000000e+00   1.8500000000e-04  -7.4725378564e-03  -1.2284768660e-01   1.0371394768e+00
  -4.3211407356e+00  -4.3427226877e+00   1.0000000000e+00   1.8500000000e-04  -4.6100910001e-02  -1.9990342699e-01   8.2099946266e-01
  -4.2857337932e+00  -4.2995587834e+00   1.0000000000e+00   1.8500000000e-04  -6.0950837517e-02  -2.8497265685e-01   6.1170427088e-01
  -4.2532629583e+00  -4.2719088031e+00   1.0000000000e+00   1.8500000000e-04  -6.9382742012e-02  -4.2563704941e-01   7.6883502820e-01
  -4.2250672482e+00  -4.2346171136e+00   1.0000000000e+00   1.8500000000e-04   1.2964187843e-01  -4.0474238017e-01   9.7270514772e-01
  -4.1978670810e+00  -4.2155173828e+00   1.0000000000e+00   1.8500000000e-04   5.4413545770e-01  -3.4690301061e-01   1.2267528176e+00
  -4.1703487023e+00  -4.1802167791e+00   1.0000000000e+00   1.8500000000e-04   7.8568337757e-01  -2.6982881024e-01   1.3253706261e+00
  -4.1437742793e+00  -4.1604806255e+00   1.0000000000e+00   1.8500000000e-04   9.3611503232e-01  -2.0748150267e-01   9.9787391707e-01
  -4.0935497438e+00  -4.1270679332e+00   1.0000000000e+00   1.8500000000e-04   1.1114081519e+00  -1.4081613292e-01   7.1120838212e-01
  -4.0265133650e+00  -4.0600315544e+00   1.0000000000e+00   1.8500000000e-04   1.2147491206e+00  -1.9392351111e-02   3.8279506413e-01
  -3.9259587967e+00  -3.9929951755e+00   1.0000000000e+00   1.8500000000e-04   1.2131067878e+00   1.7657670584e-02  -1.4219691511e-02
  -3.8103914923e+00  -3.8589224179e+00   1.0000000000e+00   1.8500000000e-04   1.1571685643e+00  -7.1098945792e-02  -2.1650795033e-01
  -3.7133296410e+00  -3.7618605667e+00   1.0000000000e+00   1.8500000000e-04   1.0592942277e+00  -1.3950546514e-01  -7.3101799551e-02
  -3.6265856856e+00  -3.6647987154e+00   1.0000000000e+00   1.8500000000e-04   8.8657402667e-01  -2.1618328741e-01  -2.5210228094e-01
  -3.5501596259e+00  -3.5883726557e+00   1.0000000000e+00   1.8500000000e-04   6.0692102632e-01  -2.7003272341e-01  -6.4059509324e-01
  -3.4693659908e+00  -3.5119465960e+00   1.0000000000e+00   1.8500000000e-04   3.5409931257e-01  -2.9975358497e-01  -5.4571161995e-01
  -3.3842047803e+00  -3.4267853855e+00   1.0000000000e+00   1.8500000000e-04   6.1082597130e-02  -8.0119248452e-02  -1.7894958141e-01
  -3.2956000367e+00  -3.3416241750e+00   1.0000000000e+00   1.8500000000e-04   9.6539773837e-02  -4.5073033964e-02   1.5122658017e-01
  -3.2035517600e+00  -3.2495758984e+00   1.0000000000e+00   1.8500000000e-04   3.8964579103e-03  -2.9475165869e-01   2.8342017256e-01
  -3.1356868406e+00  -3.1575276217e+00   1.0000000000e+00   1.8500000000e-04  -1.4021680603e-01  -3.0239279227e-01   2.7170964841e-01
  -3.0789644308e+00  -3.1138460595e+00   1.0000000000e+00   1.8500000000e-04  -9.1377626507e-02  -1.9569569472e-01   1.2568316130e-01
  -3.0092011735e+00  -3.0440828021e+00   1.0000000000e+00   1.8500000000e-04  -3.7947334478e-02   4.2031143806e-02  -9.4935208161e-02
  -2.9191357188e+00  -2.9743195448e+00   1.0000000000e+00   1.8500000000e-04   1.2884470323e-02  -1.4382976784e-01  -2.2216253593e-01
  -2.8355568355e+00  -2.8639518929e+00   1.0000000000e+00   1.8500000000e-04   2.0449650938e-02  -3.7215306992e-01  -3.0497809176e-01
  -2.7672275354e+00  -2.8071617781e+00   1.0000000000e+00   1.8500000000e-04   1.6042210592e-02  -5.6156864539e-01  -3.1448436429e-01
  -2.6686868784e+00  -2.7272932928e+00   1.0000000000e+00   1.8500000000e-04  -1.0695461229e-01  -7.9503223885e-01  -2.7849609869e-01
  -2.5807772570e+00  -2.6100804641e+00   1.0000000000e+00   1.8500000000e-04  -4.3728291087e-01  -9.6083862130e-01  -2.9716450550e-02
  -2.5368224462e+00  -2.5514740498e+00   1.0000000000e+00   1.8500000000e-04  -7.4269849239e-01  -9.2306977212e-01   3.9487338683e-01
  -2.5075192390e+00  -2.5221708426e+00   1.0000000000e+00   1.8500000000e-04  -6.8658822911e-01  -7.3294140347e-01   6.2684187378e-01
  -2.4850016633e+00  -2.4928676354e+00   1.0000000000e+00   1.8500000000e-04  -5.8651857545e-01  -4.7167161393e-01   7.8034756153e-01
  -2.4697977810e+00  -2.4771356912e+00   1.0000000000e+00   1.8500000000e-04  -7.9667229213e-01  -2.2695133266e-01   9.5018284112e-01
  -2.4587909155e+00  -2.4624598707e+00   1.0000000000e+00   1.8500000000e-04  -5.7768363227e-01   2.4074909675e-02   1.0238102015e+00
  -2.4514530053e+00  -2.4551219604e+00   1.0000000000e+00   1.8500000000e-04  -2.8344119025e-01   3.2208207792e-01   9.8684990151e-01
  -2.4460392820e+00  -2.4477840501e+00   1.0000000000e+00   1.8500000000e-04   1.3931050949e-03   4.0808807511e-01   8.4927233464e-01
  -2.4430322008e+00  -2.4442945139e+00   1.0000000000e+00   1.8500000000e-04   8.9751939861e-02   2.2664172015e-01   7.0002478965e-01
  -2.4402409579e+00  -2.4417698876e+00   1.0000000000e+00   1.8500000000e-04   6.0268638591e-02   1.6949338634e-01   5.3789683405e-01
  -2.4349147573e+00  -2.4387120283e+00   1.0000000000e+00   1.8500000000e-04  -1.5087992544e-01   6.5210640889e-02   3.7233884334e-01
  -2.4273202153e+00  -2.4311174863e+00   1.0000000000e+00   1.8500000000e-04  -4.6458461214e-01  -1.1066888737e-01   2.4105595460e-01
  -2.4159284023e+00  -2.4235229443e+00   1.0000000000e+00   1.8500000000e-04  -6.9469374522e-01  -1.1719318892e-01   1.0485058765e-01
  -2.4052096502e+00  -2.4083338602e+00   1.0000000000e+00   1.8500000000e-04  -6.0039999659e-01   8.6449160809e-02   2.1561273728e-01
  -2.4006678883e+00  -2.4020854403e+00   1.0000000000e+00   1.8500000000e-04  -4.4215266679e-01   3.7448036909e-01   2.2369180738e-01
  -2.3977589630e+00  -2.3992503362e+00   1.0000000000e+00   1.8500000000e-04  -2.0372380146e-01   3.3577822318e-01   1.0264260881e-01
  -2.3934283004e+00  -2.3962675898e+00   1.0000000000e+00   1.8500000000e-04   1.1295766793e-01   1.4182997859e-01   5.2946490022e-02
  -2.3878049564e+00  -2.3905890110e+00   1.0000000000e+00   1.8500000000e-04   2.7028715265e-01  -7.6698276884e-02   4.2622090163e-02
  -2.3822368470e+00  -2.3850209017e+00   1.0000000000e+00   1.8500000000e-04   3.2374099324e-01  -3.3079456301e-01   3.4336212592e-02
  -2.3776223188e+00  -2.3794527923e+00   1.0000000000e+00   1.8500000000e-04   2.6755444843e-01  -5.4137580572e-01   2.5656149749e-02
  -2.3744762601e+00  -2.3757918453e+00   1.0000000000e+00   1.8500000000e-04   2.7976708245e-01  -7.6556884394e-01   9.4753531286e-03
  -2.3713895729e+00  -2.3731606750e+00   1.0000000000e+00   1.8500000000e-04   2.4085323270e-01  -1.0096177318e+00  -1.4203742732e-01
  -2.3653530945e+00  -2.3696184707e+00   1.0000000000e+00   1.8500000000e-04   3.1537550355e-01  -1.0269703753e+00  -6.1211127876e-01
  -2.3568223421e+00  -2.3610877183e+00   1.0000000000e+00   1.8500000000e-04   2.2289369973e-01  -9.4487032000e-01  -1.0164605649e+00
  -2.3440262135e+00  -2.3525569659e+00   1.0000000000e+00   1.8500000000e-04   2.6458989864e-01  -9.3538059758e-01  -9.7615142034e-01
  -2.3299424605e+00  -2.3354954612e+00   1.0000000000e+00   1.8500000000e-04   3.6540107316e-01  -7.3933681114e-01  -8.8401007434e-01
  -2.3211133786e+00  -2.3243894599e+00   1.0000000000e+00   1.8500000000e-04   6.2334057088e-03  -7.3046624037e-01  -1.1379695584e+00
  -2.3140411529e+00  -2.3178372974e+00   1.0000000000e+00   1.8500000000e-04   2.5689382733e-01  -7.3613170207e-01  -9.2604812992e-01
  -2.3050625250e+00  -2.3102450084e+00   1.0000000000e+00   1.8500000000e-04   2.0507858084e-01  -6.4299267089e-01  -5.4684158166e-01
  -2.2946975582e+00  -2.2998800416e+00   1.0000000000e+00   1.8500000000e-04  -6.7940830194e-02  -4.3873927524e-01  -1.8685565056e-01
  -2.2856305273e+00  -2.2895150748e+00   1.0000000000e+00   1.8500000000e-04  -3.1591622003e-01  -2.5425261530e-01  -9.7104784737e-02
  -2.2783616398e+00  -2.2817459797e+00   1.0000000000e+00   1.8500000000e-04  -4.1263136865e-01  -7.7066969297e-02  -1.4240160524e-01
  -2.2685298810e+00  -2.2749772999e+00   1.0000000000e+00   1.8500000000e-04  -2.0872396126e-01   1.1235128186e-01  -4.5536031559e-01
  -2.2518491586e+00  -2.2620824621e+00   1.0000000000e+00   1.8500000000e-04   1.0351620998e-01   1.9879098071e-01  -9.2277057653e-01
  -2.2313825518e+00  -2.2416158552e+00   1.0000000000e+00   1.8500000000e-04   9.4041215971e-02   1.0862335150e-01  -1.2010503489e+00
  -2.2118361796e+00  -2.2211492484e+00   1.0000000000e+00   1.8500000000e-04   2.8359148022e-01  -1.4638231718e-01  -1.1086849128e+00
  -2.1901950521e+00  -2.2025231108e+00   1.0000000000e+00   1.8500000000e-04   2.7092163339e-01  -3.1586764355e-01  -9.5789080111e-01
  -2.1495581629e+00  -2.1778669934e+00   1.0000000000e+00   1.8500000000e-04   3.1140970599e-02  -5.1200955738e-01  -7.3937970773e-01
  -2.0935285706e+00  -2.1212493324e+00   1.0000000000e+00   1.8500000000e-04  -2.2879264995e-01  -6.6970170369e-01  -4.4976003565e-01
  -2.0380870470e+00  -2.0658078088e+00   1.0000000000e+00   1.8500000000e-04  -9.3819323721e-02  -6.5202088444e-01  -2.9820825654e-01
  -1.9953197657e+00  -2.0103662852e+00   1.0000000000e+00   1.8500000000e-04   2.0748811676e-01  -4.7571430994e-01  -1.8402263022e-01
  -1.9709839669e+00  -1.9802732463e+00   1.0000000000e+00   1.8500000000e-04   3.3417187053e-01  -2.9946558177e-01  -9.9631900078e-02
  -1.9439876086e+00  -1.9616946876e+00   1.0000000000e+00   1.8500000000e-04   2.4474791999e-01  -1.2632249034e-01  -1.4876556857e-01
  -1.8821295894e+00  -1.9262805296e+00   1.0000000000e+00   1.8500000000e-04   2.0758807013e-01   1.0289027469e-01  -1.9314843260e-01
  -1.7938277090e+00  -1.8379786492e+00   1.0000000000e+00   1.8500000000e-04   3.4933176605e-01   3.5934950756e-01  -1.0257517052e-01
  -1.7055258286e+00  -1.7496767688e+00   1.0000000000e+00   1.8500000000e-04   4.5127239972e-01   5.9152891670e-01  -1.9875204907e-01
  -1.6172239482e+00  -1.6613748884e+00   1.0000000000e+00   1.8500000000e-04   3.3653496528e-01   6.2530097737e-01  -9.9950413646e-02
  -1.5109342548e+00  -1.5730730081e+00   1.0000000000e+00   1.8500000000e-04   2.4641387428e-01   8.5411195374e-01  -8.5042908193e-02
  -1.3866567484e+00  -1.4487955016e+00   1.0000000000e+00   1.8500000000e-04   3.8657146439e-01   8.6488205265e-01  -4.7008968583e-01
  -1.2996011745e+00  -1.3245179951e+00   1.0000000000e+00   1.8500000000e-04   2.0638137320e-01   9.1558037166e-01  -2.1861197494e-01
  -1.2497675335e+00  -1.2746843540e+00   1.0000000000e+00   1.8500000000e-04   4.2070501106e-01   9.0967733333e-01  -2.5270263090e-01
  -1.2078077697e+00  -1.2248507130e+00   1.0000000000e+00   1.8500000000e-04   2.4295173464e-01   7.1198992478e-01  -5.0787453533e-01
  -1.1557950250e+00  -1.1907648264e+00   1.0000000000e+00   1.8500000000e-04   8.4315962874e-02   6.8761818737e-01  -7.5283567394e-01
  -1.0858554222e+00  -1.1208252236e+00   1.0000000000e+00   1.8500000000e-04   8.5799032421e-02   4.8897206809e-01  -8.3626788690e-01
  -1.0072506370e+00  -1.0508856208e+00   1.0000000000e+00   1.8500000000e-04   4.3620482933e-02   4.4134714005e-01  -6.5048206429e-01
  -9.1998066950e-01  -9.6361565327e-01   1.0000000000e+00   1.8500000000e-04   2.6983280904e-01   2.6999860961e-01  -3.4158010858e-01
  -8.3489435853e-01  -8.7634568572e-01   1.0000000000e+00   1.8500000000e-04   4.3954362162e-01   1.3271355772e-01  -3.4245040540e-01
  -7.5199170415e-01  -7.9344303134e-01   1.0000000000e+00   1.8500000000e-04   7.9977983610e-01  -7.4792210920e-02  -1.2320593036e-01
  -6.9365009891e-01  -7.1054037696e-01   1.0000000000e+00   1.8500000000e-04   8.8034168888e-01  -2.5479159553e-01  -1.2738004592e-01
  -6.6792365478e-01  -6.7675982085e-01   1.0000000000e+00   1.8500000000e-04   8.0193039010e-01  -4.0793072554e-01  -3.8939844338e-01
  -6.5482357514e-01  -6.5908748870e-01   1.0000000000e+00   1.8500000000e-04   7.9992005907e-01  -6.3681655201e-01  -6.5291798038e-01
  -6.4225917602e-01  -6.5055966157e-01   1.0000000000e+00   1.8500000000e-04   7.9445215779e-01  -7.3377902862e-01  -5.0889772259e-01
  -6.3046194902e-01  -6.3395869046e-01   1.0000000000e+00   1.8500000000e-04   6.1574694336e-01  -6.4711688917e-01  -1.6201029969e-01
  -6.1994878038e-01  -6.2696520759e-01   1.0000000000e+00   1.8500000000e-04   6.0394572583e-01  -5.2331225186e-01  -1.7884049585e-02
  -6.0618328263e-01  -6.1293235317e-01   1.0000000000e+00   1.8500000000e-04   5.6896142488e-01  -3.6157099455e-01  -1.2575204488e-01
  -5.9345756912e-01  -5.9943421209e-01   1.0000000000e+00   1.8500000000e-04   4.4539217530e-01  -2.6231251243e-01  -1.8677929408e-01
  -5.7885571437e-01  -5.8748092615e-01   1.0000000000e+00   1.8500000000e-04   1.9078181353e-01  -4.4977267522e-01  -3.6837180505e-02
  -5.6160529081e-01  -5.7023050259e-01   1.0000000000e+00   1.8500000000e-04   2.8308283886e-02  -6.6226822002e-01   7.5611655974e-02
  -5.3497171880e-01  -5.5298007903e-01   1.0000000000e+00   1.8500000000e-04  -1.1998973176e-01  -7.2198746251e-01  -4.5748168131e-02
  -5.0342589032e-01  -5.1696335857e-01   1.0000000000e+00   1.8500000000e-04  -3.6360130116e-01  -6.1721627488e-01  -1.5389986063e-01
  -4.7635095382e-01  -4.8988842207e-01   1.0000000000e+00   1.8500000000e-04  -4.6347838941e-01  -4.0576642154e-01  -2.4873623293e-02
  -4.4381912749e-01  -4.6281348556e-01   1.0000000000e+00   1.8500000000e-04  -4.6529813113e-01  -2.0991953292e-01  -2.0660266360e-01
  -4.0583041133e-01  -4.2482476941e-01   1.0000000000e+00   1.8500000000e-04  -2.6342054942e-01  -1.7116411309e-01  -1.1133967945e-03
  -3.7393100359e-01  -3.8683605325e-01   1.0000000000e+00   1.8500000000e-04  -3.2224855896e-02  -2.1601628874e-01  -1.7010782378e-01
  -3.4812090427e-01  -3.6102595393e-01   1.0000000000e+00   1.8500000000e-04   1.2589020027e-01  -4.5478597879e-01  -3.3087238293e-01
  -3.2231080494e-01  -3.3521585461e-01   1.0000000000e+00   1.8500000000e-04   3.4095253550e-01  -6.5155433308e-01  -3.2695303607e-01
  -2.9650070562e-01  -3.0940575528e-01   1.0000000000e+00   1.8500000000e-04   4.6263918661e-01  -7.5406727839e-01  -3.7429722033e-01
  -2.7053753303e-01  -2.8359565596e-01   1.0000000000e+00   1.8500000000e-04   4.0422191663e-01  -7.7640057199e-01  -1.5263081005e-01
  -2.4442128719e-01  -2.5747941011e-01   1.0000000000e+00   1.8500000000e-04   2.1172058758e-01  -7.2539731123e-01   4.7137634408e-03
  -2.2958424803e-01  -2.3136316427e-01   1.0000000000e+00   1.8500000000e-04   4.5461554169e-02  -3.9983191806e-01   3.6523107923e-01
  -2.2602641555e-01  -2.2780533179e-01   1.0000000000e+00   1.8500000000e-04  -1.1799028153e-01   6.1753738797e-02   4.4769151315e-01
  -2.2001290724e-01  -2.2424749930e-01   1.0000000000e+00   1.8500000000e-04  -3.8267352949e-01   4.0466907369e-01   3.6727019350e-01
  -2.0846335947e-01  -2.1577831518e-01   1.0000000000e+00   1.8500000000e-04  -4.6992982196e-01   6.0199942188e-01   3.6515401885e-01
  -1.9383344805e-01  -2.0114840376e-01   1.0000000000e+00   1.8500000000e-04  -4.7931451724e-01   5.0329554693e-01   3.5933830918e-01
  -1.7620947407e-01  -1.8651849233e-01   1.0000000000e+00   1.8500000000e-04  -3.4782267257e-01   5.5842595797e-01   1.6925518420e-01
  -1.4764102937e-01  -1.6590045581e-01   1.0000000000e+00   1.8500000000e-04  -1.2100106170e-01  -1.0612690716e-01   1.5659068837e-01
  -1.1965613363e-01  -1.2938160293e-01   1.0000000000e+00   1.8500000000e-04   7.2793726852e-02  -7.5029203909e-01   1.1787139154e-01
  -9.1578267218e-02  -1.0993066433e-01   1.0000000000e+00   1.8500000000e-04   2.3975428336e-01  -7.8491589647e-01  -1.6687221286e-02
  -6.3032519929e-02  -7.3225870106e-02   1.0000000000e+00   1.8500000000e-04   2.3912299462e-01  -7.8582511714e-01  -2.8487525560e-01
  -4.0645570581e-02  -5.2839169752e-02   1.0000000000e+00   1.8500000000e-04   7.4443014458e-02  -7.2799133157e-01  -4.5112101675e-01
  -1.0624574710e-02  -2.8451971409e-02   1.0000000000e+00   1.8500000000e-04  -1.2245271468e-01  -4.0624225108e-01  -5.9963423282e-01
   2.0740290241e-02   7.2028219890e-03   1.0000000000e+00   1.8500000000e-04  -3.6948859331e-01   5.5371521187e-02  -8.3712519011e-01
   4.7815226747e-02   3.4277758494e-02   1.0000000000e+00   1.8500000000e-04  -4.7982698432e-01   4.1517538622e-01  -9.3055755393e-01
   7.9361055230e-02   6.1352694999e-02   1.0000000000e+00   1.8500000000e-04  -4.0631698610e-01   5.7127037908e-01  -9.3193782230e-01
   1.0599462724e-01   9.7369415461e-02   1.0000000000e+00   1.8500000000e-04  -2.3348451394e-01   3.1770682323e-01  -7.4075893600e-01
   1.2324505080e-01   1.1461983902e-01   1.0000000000e+00   1.8500000000e-04   9.9363204815e-02   7.0054784011e-02  -5.1104272154e-01
   1.3784690555e-01   1.3187026258e-01   1.0000000000e+00   1.8500000000e-04   3.9246953976e-01  -1.2669599092e-01  -3.5098644240e-01
   1.5057261906e-01   1.4382354852e-01   1.0000000000e+00   1.8500000000e-04   4.6798919188e-01  -3.1693540875e-01  -1.2898446921e-01
   1.6433811680e-01   1.5732168960e-01   1.0000000000e+00   1.8500000000e-04   4.2866143595e-01  -5.9464951586e-01   3.6694702565e-04
   1.7485128545e-01   1.7135454401e-01   1.0000000000e+00   1.8500000000e-04   2.0743651204e-01  -7.0052300543e-01  -6.2174674828e-02
   1.8664851245e-01   1.7834802689e-01   1.0000000000e+00   1.8500000000e-04  -7.7918509519e-02  -6.2099752358e-01  -2.6398794102e-01
   1.9921291157e-01   1.9494899800e-01   1.0000000000e+00   1.8500000000e-04  -4.1973463542e-01  -3.9211808638e-01  -4.3403318357e-01
   2.1231299121e-01   2.0347682513e-01   1.0000000000e+00   1.8500000000e-04  -5.4477218442e-01  -1.8773967724e-01  -5.9795047159e-01
   2.2833857942e-01   2.2114915728e-01   1.0000000000e+00   1.8500000000e-04  -5.7949752591e-01  -2.3649245795e-03  -8.5505861089e-01
   2.4271742368e-01   2.3552800155e-01   1.0000000000e+00   1.8500000000e-04  -6.1243053129e-01   1.9106417386e-01  -9.3523022034e-01
   2.5874301189e-01   2.4990684581e-01   1.0000000000e+00   1.8500000000e-04  -5.6904169162e-01   4.1488876497e-01  -9.3747235791e-01
   2.7184309154e-01   2.6757917797e-01   1.0000000000e+00   1.8500000000e-04  -4.9786194065e-01   6.5186054039e-01  -8.2268777735e-01
   2.8440749065e-01   2.7610700510e-01   1.0000000000e+00   1.8500000000e-04  -5.3994510144e-01   7.6757445753e-01  -6.0585294214e-01
   2.9620471764e-01   2.9270797620e-01   1.0000000000e+00   1.8500000000e-04  -7.1147542739e-01   8.0421507244e-01  -4.1083119173e-01
   3.0671788629e-01   2.9970145908e-01   1.0000000000e+00   1.8500000000e-04  -7.1793142082e-01   8.1902007455e-01  -2.3271696805e-01
   3.2048338403e-01   3.1373431349e-01   1.0000000000e+00   1.8500000000e-04  -4.8751760593e-01   8.1445646488e-01  -2.3161583112e-01
   3.3320909754e-01   3.2723245457e-01   1.0000000000e+00   1.8500000000e-04  -1.8524984342e-01   7.1092164988e-01  -4.0412736576e-01
   3.4781095230e-01   3.3918574052e-01   1.0000000000e+00   1.8500000000e-04  -1.4842337313e-01   5.0752482880e-01  -5.9941737181e-01
   3.6506137585e-01   3.5643616407e-01   1.0000000000e+00   1.8500000000e-04  -3.0929272100e-02   2.9532573334e-01  -8.3113748870e-01
   3.9169494786e-01   3.7368658763e-01   1.0000000000e+00   1.8500000000e-04   1.6644499244e-02   9.1534398295e-02  -9.2476017455e-01
   4.2324077635e-01   4.0970330809e-01   1.0000000000e+00   1.8500000000e-04   2.3686129596e-01   2.4299786989e-01  -8.7092041966e-01
   4.5031571285e-01   4.3677824460e-01   1.0000000000e+00   1.8500000000e-04   2.3408982692e-01   4.4321979121e-01  -7.2756811392e-01
   4.8284753918e-01   4.6385318110e-01   1.0000000000e+00   1.8500000000e-04   1.0694472850e-02   6.8648634681e-01  -4.0401432436e-01
   5.2083625533e-01   5.0184189726e-01   1.0000000000e+00   1.8500000000e-04   1.2187220882e-01   7.9213328971e-01  -7.8544768666e-02
   5.6635583405e-01   5.3983061341e-01   1.0000000000e+00   1.8500000000e-04   1.7748831654e-01   5.3699733241e-01   9.1982414769e-03
   6.1354096498e-01   5.9288105468e-01   1.0000000000e+00   1.8500000000e-04   2.2972372897e-01   3.1134533492e-01  -3.5910037473e-02
   6.5962631671e-01   6.3420087528e-01   1.0000000000e+00   1.8500000000e-04   2.7042218345e-01   6.1402984360e-02  -2.8783233376e-01
   7.1515339283e-01   6.8505175814e-01   1.0000000000e+00   1.8500000000e-04   2.8790912976e-01  -2.2392784271e-01  -5.8514371701e-01
   7.9876369149e-01   7.4525502752e-01   1.0000000000e+00   1.8500000000e-04   2.2546167907e-01  -3.7823953217e-01  -8.8839350436e-01
   8.7794401808e-01   8.5227235545e-01   1.0000000000e+00   1.8500000000e-04   1.4824873172e-01  -3.0598898181e-01  -9.7540608081e-01
   9.2765464706e-01   9.0361568072e-01   1.0000000000e+00   1.8500000000e-04   3.7417510377e-02  -4.5879215928e-01  -1.0031438508e+00
   9.7915271775e-01   9.5169361340e-01   1.0000000000e+00   1.8500000000e-04  -1.5044804447e-01  -8.0411472827e-01  -1.0520446235e+00
   1.0303815779e+00   1.0066118221e+00   1.0000000000e+00   1.8500000000e-04  -3.3610248939e-01  -7.5188982655e-01  -9.7082474731e-01
   1.0886584319e+00   1.0541513336e+00   1.0000000000e+00   1.8500000000e-04  -2.5832613684e-01  -4.5186611674e-01  -8.7517722624e-01
   1.1633671929e+00   1.1231655302e+00   1.0000000000e+00   1.8500000000e-04  -1.5173636785e-01  -1.5542134343e-01  -8.5094452289e-01
   1.2437705183e+00   1.2035688556e+00   1.0000000000e+00   1.8500000000e-04  -4.6463148423e-01   9.5867818723e-03  -9.4821394954e-01
   1.3307636937e+00   1.2839721810e+00   1.0000000000e+00   1.8500000000e-04  -5.3896463125e-01   8.1233884944e-02  -9.3107029406e-01
   1.4182436600e+00   1.3775552064e+00   1.0000000000e+00   1.8500000000e-04  -5.0392529662e-01   7.1462518176e-02  -7.0430043031e-01
   1.4759298568e+00   1.4589321137e+00   1.0000000000e+00   1.8500000000e-04  -5.0005991999e-01   2.7126289711e-02  -4.1770094928e-01
   1.5028667763e+00   1.4929275999e+00   1.0000000000e+00   1.8500000000e-04  -5.8682284667e-01   5.3209357185e-03  -3.8799922134e-01
   1.5252106777e+00   1.5128059528e+00   1.0000000000e+00   1.8500000000e-04  -6.8972735549e-01  -4.2569467867e-03  -2.7550298777e-01
   1.5667991597e+00   1.5376154025e+00   1.0000000000e+00   1.8500000000e-04  -8.2342765698e-01  -1.4233681103e-03  -2.2507888251e-01
   1.6251666743e+00   1.5959829170e+00   1.0000000000e+00   1.8500000000e-04  -9.6081822802e-01   1.3771396209e-02  -2.4265295004e-03
   1.7009461178e+00   1.6543504316e+00   1.0000000000e+00   1.8500000000e-04  -1.0199508534e+00   2.1775972748e-01  -4.8816137646e-03
   1.7896536725e+00   1.7475418039e+00   1.0000000000e+00   1.8500000000e-04  -1.0193901276e+00   6.2359064773e-01  -2.2947145554e-01
   1.8738774097e+00   1.8317655411e+00   1.0000000000e+00   1.8500000000e-04  -9.9732831540e-01   8.5798596965e-01  -1.1508686601e-01
   1.9494277035e+00   1.9159892784e+00   1.0000000000e+00   1.8500000000e-04  -9.5210504968e-01   1.0059807956e+00  -5.7518268158e-02
   2.0308280576e+00   1.9828661285e+00   1.0000000000e+00   1.8500000000e-04  -8.5492031899e-01   1.1773202192e+00  -3.3766018776e-03
   2.1267519159e+00   2.0787899868e+00   1.0000000000e+00   1.8500000000e-04  -6.5284637412e-01   1.2748404710e+00   3.9070850805e-02
   2.2157197346e+00   2.1747138450e+00   1.0000000000e+00   1.8500000000e-04  -4.5066602680e-01   1.2689557888e+00   5.8009421756e-02
   2.2977315140e+00   2.2567256243e+00   1.0000000000e+00   1.8500000000e-04  -6.8402489549e-01   1.2044560959e+00  -3.0216208633e-03
   2.3620157928e+00   2.3387374036e+00   1.0000000000e+00   1.8500000000e-04  -8.4195400871e-01   1.1022554420e+00  -7.8992733497e-02
   2.3989486115e+00   2.3852941820e+00   1.0000000000e+00   1.8500000000e-04  -5.9721977367e-01   9.3040920437e-01  -1.8829431338e-01
   2.4270291422e+00   2.4126030411e+00   1.0000000000e+00   1.8500000000e-04  -3.8175518383e-01   6.5749664462e-01  -3.7398196205e-01
   2.4677728351e+00   2.4414552432e+00   1.0000000000e+00   1.8500000000e-04  -1.7160701408e-01   4.1041205988e-01  -5.5616722021e-01
   2.5369682633e+00   2.4940904271e+00   1.0000000000e+00   1.8500000000e-04  -5.8118001473e-03   1.2215235773e-01  -4.7322082791e-01
   2.6227239357e+00   2.5798460995e+00   1.0000000000e+00   1.8500000000e-04   1.3104699299e-01   1.5799635046e-01  -3.5925960450e-01
   2.6946096465e+00   2.6656017719e+00   1.0000000000e+00   1.8500000000e-04   2.7857466220e-01   6.4320789434e-02  -6.6889335007e-01
   2.7381214584e+00   2.7236175211e+00   1.0000000000e+00   1.8500000000e-04   4.0157732516e-01  -7.7805667589e-02  -7.3579095467e-01
   2.7671293330e+00   2.7526253957e+00   1.0000000000e+00   1.8500000000e-04   4.8121166493e-01  -2.1258534077e-02  -6.8396925788e-01
   2.7926440744e+00   2.7816332703e+00   1.0000000000e+00   1.8500000000e-04   5.4861087340e-01   3.6132818312e-02  -6.6474309741e-01
   2.8102597057e+00   2.8036548785e+00   1.0000000000e+00   1.8500000000e-04   6.0727551588e-01   8.6126083872e-02  -7.3823796852e-01
   2.8234672901e+00   2.8168645329e+00   1.0000000000e+00   1.8500000000e-04   6.7002157497e-01   8.5192881177e-02  -8.2623753305e-01
   2.8378371016e+00   2.8300700474e+00   1.0000000000e+00   1.8500000000e-04   7.1526902156e-01   7.1372830851e-02  -9.3998219205e-01
   2.8570668095e+00   2.8456041559e+00   1.0000000000e+00   1.8500000000e-04   7.6536759784e-01  -5.8882347854e-02  -1.0569603815e+00
   2.8743858586e+00   2.8685294631e+00   1.0000000000e+00   1.8500000000e-04   8.1863945592e-01  -3.8802432078e-01  -1.1050912047e+00
   2.8831704518e+00   2.8802422541e+00   1.0000000000e+00   1.8500000000e-04   8.7467884878e-01  -7.2812205707e-01  -1.1022229855e+00
   2.8890268473e+00   2.8860986496e+00   1.0000000000e+00   1.8500000000e-04   9.4220643359e-01  -7.3631252700e-01  -1.0768878975e+00
   2.8933108313e+00   2.8919550450e+00   1.0000000000e+00   1.8500000000e-04   9.4222954781e-01  -6.7190553667e-01  -1.0289046408e+00
   2.8956507125e+00   2.8946666176e+00   1.0000000000e+00   1.8500000000e-04   8.7565780130e-01  -8.1781522719e-01  -9.2730820985e-01
   2.8983207229e+00   2.8966348074e+00   1.0000000000e+00   1.8500000000e-04   8.2646561785e-01  -5.5576020252e-01  -7.1861874330e-01
   2.9037808168e+00   2.9000066385e+00   1.0000000000e+00   1.8500000000e-04   7.8114462694e-01  -2.7201819247e-01  -5.1423437964e-01
   2.9092485315e+00   2.9075549952e+00   1.0000000000e+00   1.8500000000e-04   7.3910652653e-01  -7.0591896945e-03  -7.4633686135e-01
   2.9126356039e+00   2.9109420677e+00   1.0000000000e+00   1.8500000000e-04   7.0168660554e-01   7.2534177331e-02  -9.0780385895e-01
   2.9154649243e+00   2.9143291401e+00   1.0000000000e+00   1.8500000000e-04   6.5284163813e-01   3.8747365739e-02  -6.5594881139e-01
   2.9174949127e+00   2.9166007085e+00   1.0000000000e+00   1.8500000000e-04   6.0894008746e-01  -1.7336976139e-01  -4.4108789784e-01
   2.9196324812e+00   2.9183891169e+00   1.0000000000e+00   1.8500000000e-04   5.6417188728e-01  -4.8571253571e-01  -2.3864737815e-01
   2.9239081340e+00   2.9208758456e+00   1.0000000000e+00   1.8500000000e-04   5.1630470876e-01  -7.4675532720e-01  -8.0764469458e-02
   2.9299727107e+00   2.9269404224e+00   1.0000000000e+00   1.8500000000e-04   4.4357836053e-01  -7.1493241890e-01   4.9364537613e-02
   2.9348476986e+00   2.9330049991e+00   1.0000000000e+00   1.8500000000e-04   3.6589010914e-01  -5.9280031314e-01   1.8626098074e-01
   2.9377310153e+00   2.9366903980e+00   1.0000000000e+00   1.8500000000e-04   3.1791092716e-01  -3.6869357793e-01   2.9992133224e-01
   2.9410566188e+00   2.9387716326e+00   1.0000000000e+00   1.8500000000e-04   2.6130073020e-01  -5.2666438614e-02   3.7349672105e-01
   2.9456265910e+00   2.9433416049e+00   1.0000000000e+00   1.8500000000e-04   1.8771329222e-01   1.2100793250e-01   4.3576545715e-01
   2.9524815494e+00   2.9479115772e+00   1.0000000000e+00   1.8500000000e-04   6.3280692259e-02   2.4028815011e-01   4.8994323472e-01
   2.9617195170e+00   2.9570515217e+00   1.0000000000e+00   1.8500000000e-04  -1.9220359053e-01   2.6814843176e-01   5.4768721357e-01
   2.9703656556e+00   2.9663875124e+00   1.0000000000e+00   1.8500000000e-04  -4.0288595179e-01   9.9209882792e-02   5.8855604136e-01
   2.9803769600e+00   2.9743437988e+00   1.0000000000e+00   1.8500000000e-04  -6.3229253534e-01   6.1839256066e-02   6.3359799252e-01
   2.9924432823e+00   2.9864101211e+00   1.0000000000e+00   1.8500000000e-04  -7.2999859224e-01   1.1689758494e-01   6.8143092603e-01
   3.0030346972e+00   2.9984764435e+00   1.0000000000e+00   1.8500000000e-04  -3.8102672019e-01   2.8068207595e-02   7.3177383885e-01
   3.0148430568e+00   3.0075929509e+00   1.0000000000e+00   1.8500000000e-04  -1.7033664679e-01   1.9330850310e-01   7.9237784915e-01
   3.0262421304e+00   3.0220931627e+00   1.0000000000e+00   1.8500000000e-04  -1.2639517198e-01   2.7330163783e-01   7.8883981115e-01
   3.0330381262e+00   3.0303910980e+00   1.0000000000e+00   1.8500000000e-04  -3.4958546799e-01  -1.2488681541e-01   7.2135899388e-01
   3.0384262220e+00   3.0356851544e+00   1.0000000000e+00   1.8500000000e-04  -6.4695438196e-01   1.2706770788e-01   6.7216724721e-01
   3.0460253776e+00   3.0411672895e+00   1.0000000000e+00   1.8500000000e-04  -8.1664900462e-01   7.6507710680e-02   6.2698466028e-01
   3.0584760680e+00   3.0508834657e+00   1.0000000000e+00   1.8500000000e-04  -8.6614002245e-01  -2.0380955429e-01   5.8511519338e-01
   3.0736612725e+00   3.0660686703e+00   1.0000000000e+00   1.8500000000e-04  -6.8724490261e-01  -4.7652517709e-01   5.4784882418e-01
   3.0885839433e+00   3.0812538748e+00   1.0000000000e+00   1.8500000000e-04  -5.4818945287e-01  -5.8969106365e-01   4.9921535214e-01
   3.1022362113e+00   3.0959140119e+00   1.0000000000e+00   1.8500000000e-04  -3.0267391741e-01  -3.8983630670e-01   4.5559504298e-01
   3.1160803804e+00   3.1085584107e+00   1.0000000000e+00   1.8500000000e-04  -4.6575298745e-02  -6.0119937140e-02   4.1153279194e-01
   3.1337680865e+00   3.1236023500e+00   1.0000000000e+00   1.8500000000e-04   2.7349315335e-01  -6.4456682575e-02   3.6484410896e-01
   3.1638322268e+00   3.1439338231e+00   1.0000000000e+00   1.8500000000e-04   3.7019557177e-01   1.4286013498e-01   2.9404867097e-01
   3.2313943609e+00   3.1837306306e+00   1.0000000000e+00   1.8500000000e-04   3.7936124100e-01   1.4295417290e-01   2.2021385785e-01
   3.3267218215e+00   3.2790580912e+00   1.0000000000e+00   1.8500000000e-04   6.0371833728e-01  -1.0644675129e-01   1.7901978314e-01
   3.4388470758e+00   3.3743855518e+00   1.0000000000e+00   1.8500000000e-04   7.6094401493e-01  -3.9299735246e-01   1.3076534473e-01
   3.5677701238e+00   3.5033085998e+00   1.0000000000e+00   1.8500000000e-04   7.9439946583e-01  -2.3693287142e-01   6.5984173949e-02
   3.7014579338e+00   3.6322316479e+00   1.0000000000e+00   1.8500000000e-04   4.6101868462e-01   9.7085492469e-02  -4.7113261883e-02
   3.8399105057e+00   3.7706842198e+00   1.0000000000e+00   1.8500000000e-04   1.6506423151e-01   1.5233874361e-01  -2.9178684181e-01
   3.9564324571e+00   3.9091367916e+00   1.0000000000e+00   1.8500000000e-04   1.5778324355e-01   5.7365584286e-02  -5.0467084207e-01
   4.0491660697e+00   4.0037281226e+00   1.0000000000e+00   1.8500000000e-04   3.2793141770e-01   5.2040803804e-02  -7.4149902327e-01
   4.1400419637e+00   4.0946040167e+00   1.0000000000e+00   1.8500000000e-04   2.4599801047e-01   1.7918225200e-01  -8.4419172205e-01
   4.2330675252e+00   4.1854799108e+00   1.0000000000e+00   1.8500000000e-04   8.0390373069e-02   2.6546158195e-01  -4.8748135336e-01
   4.3234332497e+00   4.2806551395e+00   1.0000000000e+00   1.8500000000e-04  -2.1618621290e-01   1.6163045079e-01  -2.7830950515e-01
   4.4108904547e+00   4.3662113599e+00   1.0000000000e+00   1.8500000000e-04  -4.9406291872e-01   1.0170266034e-01  -2.3749771461e-01
   4.5048664778e+00   4.4555695495e+00   1.0000000000e+00   1.8500000000e-04  -8.0648797841e-01   2.7525447586e-01  -4.5851829746e-01
   4.6024145887e+00   4.5541634062e+00   1.0000000000e+00   1.8500000000e-04  -9.3244753383e-01   9.9686016081e-02  -7.6638292596e-01
   4.6942385219e+00   4.6506657713e+00   1.0000000000e+00   1.8500000000e-04  -9.9365249577e-01   3.4544853487e-01  -9.4219399523e-01
   4.7595976478e+00   4.7378112725e+00   1.0000000000e+00   1.8500000000e-04  -1.0483792063e+00   1.3140485949e-01  -9.9413415356e-01
   4.7958575395e+00   4.7813840231e+00   1.0000000000e+00   1.8500000000e-04  -1.1290047519e+00  -1.7681926491e-02  -8.1299533250e-01
   4.8248045722e+00   4.8103310558e+00   1.0000000000e+00   1.8500000000e-04  -1.0625596449e+00  -1.8131605140e-02  -6.7317664525e-01
   4.8457776862e+00   4.8392780885e+00   1.0000000000e+00   1.8500000000e-04  -8.9379174340e-01  -4.7041682539e-02  -4.3306666195e-01
   4.8584866873e+00   4.8522772839e+00   1.0000000000e+00   1.8500000000e-04  -5.9016283738e-01   1.9104439915e-01  -1.8931888988e-01
   4.8678007922e+00   4.8646960906e+00   1.0000000000e+00   1.8500000000e-04  -3.3878879535e-01   4.0374018444e-01   1.1609179579e-01
   4.8740101956e+00   4.8709054939e+00   1.0000000000e+00   1.8500000000e-04  -9.3681850099e-02   7.6278796370e-01   2.0340590515e-01
   4.8791886578e+00   4.8771148973e+00   1.0000000000e+00   1.8500000000e-04   1.7134623405e-01   8.2106472564e-01   2.0715391940e-01
   4.8828255015e+00   4.8812624183e+00   1.0000000000e+00   1.8500000000e-04   2.8444893029e-01   7.2984575310e-01   4.3079769291e-01
   4.8862767387e+00   4.8843885846e+00   1.0000000000e+00   1.8500000000e-04   2.4802087536e-01   7.2769414526e-01   5.9711456725e-01
   4.8907699347e+00   4.8881648928e+00   1.0000000000e+00   1.8500000000e-04   1.4242784947e-01   7.2204633445e-01   6.3761879194e-01
   4.8959800185e+00   4.8933749766e+00   1.0000000000e+00   1.8500000000e-04   7.7314741304e-03   5.3749039386e-01   3.2170646329e-01
   4.9021446819e+00   4.8985850603e+00   1.0000000000e+00   1.8500000000e-04  -6.9358219053e-02   5.2538259439e-01   4.5273594636e-02
   4.9073567105e+00   4.9057043034e+00   1.0000000000e+00   1.8500000000e-04  -1.5441825356e-01   4.9040958863e-01   6.9044203189e-02
   4.9105308376e+00   4.9090091175e+00   1.0000000000e+00   1.8500000000e-04  -2.9495389472e-01   3.6627609502e-01   2.6597605425e-01
   4.9144715136e+00   4.9120525576e+00   1.0000000000e+00   1.8500000000e-04  -2.7401781810e-01   1.0890052457e-01   1.9622040940e-01
   4.9197834432e+00   4.9168904697e+00   1.0000000000e+00   1.8500000000e-04  -2.1619529570e-01  -5.5314615770e-02   4.3302576311e-02
   4.9255693900e+00   4.9226764166e+00   1.0000000000e+00   1.8500000000e-04  -1.3916150697e-01  -2.0505504194e-01  -2.3231699452e-01
   4.9304508309e+00   4.9284623634e+00   1.0000000000e+00   1.8500000000e-04  -7.6847450395e-02  -4.5051855791e-01  -4.9054733532e-01
   4.9339805722e+00   4.9324392983e+00   1.0000000000e+00   1.8500000000e-04  -1.0215041184e-02  -5.5019810360e-01  -7.7985343548e-01
   4.9372685424e+00   4.9355218460e+00   1.0000000000e+00   1.8500000000e-04   1.1116431400e-01  -5.5268280923e-01  -8.8663048204e-01
   4.9420980555e+00   4.9390152388e+00   1.0000000000e+00   1.8500000000e-04   1.4831583229e-01  -3.5248645733e-01  -9.1946662155e-01
   4.9525486195e+00   4.9451808722e+00   1.0000000000e+00   1.8500000000e-04   5.9793194127e-02  -1.1981438720e-01  -9.4274900259e-01
   4.9682354786e+00   4.9599163668e+00   1.0000000000e+00   1.8500000000e-04  -8.4243082103e-03   3.9563976639e-02  -9.7368098121e-01
   4.9848737023e+00   4.9765545905e+00   1.0000000000e+00   1.8500000000e-04  -8.4831654160e-02   2.5651125419e-01  -8.9191960400e-01
   5.0066498910e+00   4.9931928141e+00   1.0000000000e+00   1.8500000000e-04  -1.3826818056e-01   3.7889425050e-01  -7.1403321347e-01
   5.0335640447e+00   5.0201069678e+00   1.0000000000e+00   1.8500000000e-04  -1.6718634794e-01   3.1959197683e-01  -4.0997304253e-01
   5.0604781985e+00   5.0470211216e+00   1.0000000000e+00   1.8500000000e-04   5.2244577452e-02   1.2474872551e-01  -1.6763026839e-01
   5.0873923522e+00   5.0739352753e+00   1.0000000000e+00   1.8500000000e-04   8.7235958243e-02  -4.3408584268e-02   6.4231370196e-02
   5.1107699865e+00   5.1008494290e+00   1.0000000000e+00   1.8500000000e-04  -1.6220413761e-01  -2.0851635698e-01   3.1298321953e-01
   5.1306111014e+00   5.1206905439e+00   1.0000000000e+00   1.8500000000e-04  -1.6995342423e-01  -4.7506542167e-01   4.1703712258e-01
   5.1474395603e+00   5.1405316588e+00   1.0000000000e+00   1.8500000000e-04  -6.2989630144e-02  -5.6187295026e-01   3.7602455906e-01
   5.1612553633e+00   5.1543474618e+00   1.0000000000e+00   1.8500000000e-04   1.7430014499e-01  -5.7131671116e-01   2.6782621380e-01
   5.1711507690e+00   5.1681632648e+00   1.0000000000e+00   1.8500000000e-04  -1.0719916301e-02  -4.4349669724e-01   1.3233130072e-01
   5.1771257775e+00   5.1741382733e+00   1.0000000000e+00   1.8500000000e-04  -2.3883401517e-01  -2.1449315162e-01   5.5087668579e-02
   5.1822886341e+00   5.1801132817e+00   1.0000000000e+00   1.8500000000e-04  -4.2846592641e-01  -1.6976384816e-02  -2.9950327950e-02
   5.1858431935e+00   5.1844639865e+00   1.0000000000e+00   1.8500000000e-04  -6.6266357071e-01   1.5433692099e-01  -1.6998147770e-01
   5.1888170463e+00   5.1872224005e+00   1.0000000000e+00   1.8500000000e-04  -8.2931792230e-01   1.5326508210e-01  -1.4895451045e-01
   5.1937984465e+00   5.1904116922e+00   1.0000000000e+00   1.8500000000e-04  -7.9072107582e-01  -1.6379216191e-02  -9.1241409322e-02
   5.2005109831e+00   5.1971852009e+00   1.0000000000e+00   1.8500000000e-04  -5.9898217855e-01  -2.1753527948e-01  -1.4383817463e-02
   5.2054996563e+00   5.2038367652e+00   1.0000000000e+00   1.8500000000e-04  -3.3705646919e-01  -4.6748956742e-01   4.7799658168e-02
   5.2091121894e+00   5.2071625474e+00   1.0000000000e+00   1.8500000000e-04  -9.3178288428e-02  -5.7591158991e-01   1.1431199945e-01
   5.2125638603e+00   5.2110618314e+00   1.0000000000e+00   1.8500000000e-04   1.5532051808e-01  -5.0353962416e-01   2.3555077784e-01
   5.2166314117e+00   5.2140658891e+00   1.0000000000e+00   1.8500000000e-04   4.4680523556e-01  -3.3196103447e-01   2.7306649714e-01
   5.2205353597e+00   5.2191969343e+00   1.0000000000e+00   1.8500000000e-04   5.2604278196e-01   7.2810807071e-03   1.8529198162e-01
   5.2247552991e+00   5.2218737850e+00   1.0000000000e+00   1.8500000000e-04   3.4512799023e-01   3.0496332794e-01   1.1771010371e-01
   5.2305183274e+00   5.2276368133e+00   1.0000000000e+00   1.8500000000e-04   2.9512374182e-01   3.7941644761e-01   4.2261935409e-02
   5.2358787325e+00   5.2333998415e+00   1.0000000000e+00   1.8500000000e-04   2.0162413442e-01   3.3901987275e-01  -9.5302593451e-03
   5.2396086415e+00   5.2383576236e+00   1.0000000000e+00   1.8500000000e-04   3.3822392769e-02   1.1275011964e-01  -3.4906814544e-02
   5.2431851843e+00   5.2408596595e+00   1.0000000000e+00   1.8500000000e-04   3.1310984666e-02  -1.8210446227e-01   1.8401093256e-01
   5.2478362339e+00   5.2455107091e+00   1.0000000000e+00   1.8500000000e-04   2.3610170677e-01  -5.2662811648e-01   2.1882358210e-01
   5.2529020596e+00   5.2501617587e+00   1.0000000000e+00   1.8500000000e-04   4.9835756094e-01  -6.4557235973e-01  -2.9795412841e-02
   5.2569704316e+00   5.2556423604e+00   1.0000000000e+00   1.8500000000e-04   4.2886472141e-01  -6.7846256221e-01  -3.7812505463e-02
   5.2608554292e+00   5.2582985027e+00   1.0000000000e+00   1.8500000000e-04   2.1045555746e-01  -7.1330624497e-01   7.0568539402e-02
   5.2675442329e+00   5.2634123556e+00   1.0000000000e+00   1.8500000000e-04  -2.3028312768e-02  -6.6399008311e-01   3.0727792426e-01
   5.2737420490e+00   5.2716761103e+00   1.0000000000e+00   1.8500000000e-04  -2.8781476986e-01  -5.9118672413e-01   1.2714016696e-01
   5.2778739264e+00   5.2758079877e+00   1.0000000000e+00   1.8500000000e-04  -5.0147427371e-01  -6.3242460411e-01  -9.7191920383e-02
   5.2811859709e+00   5.2799398651e+00   1.0000000000e+00   1.8500000000e-04  -7.2722360313e-01  -7.8291143746e-01  -2.8453470644e-01
   5.2832929360e+00   5.2824320767e+00   1.0000000000e+00   1.8500000000e-04  -9.7763389162e-01  -7.4857680622e-01  -5.1712374399e-01
   5.2850397769e+00   5.2841537954e+00   1.0000000000e+00   1.8500000000e-04  -9.9784556546e-01  -4.6571494209e-01  -6.8472049910e-01
   5.2875163405e+00   5.2859257584e+00   1.0000000000e+00   1.8500000000e-04  -9.1594531734e-01  -1.1733351436e-01  -6.4850365615e-01
   5.2905113993e+00   5.2891069226e+00   1.0000000000e+00   1.8500000000e-04  -9.0649286372e-01  -7.1495793013e-02  -4.6252930292e-01
   5.2937323802e+00   5.2919158759e+00   1.0000000000e+00   1.8500000000e-04  -7.1130495579e-01   4.5796367907e-02  -2.1225452473e-01
   5.2975537409e+00   5.2955488846e+00   1.0000000000e+00   1.8500000000e-04  -7.0270431617e-01   7.6255961660e-02   1.7925721860e-02
   5.3041391580e+00   5.2995585972e+00   1.0000000000e+00   1.8500000000e-04  -7.0948397382e-01   2.8466791040e-01   2.5094370286e-01
   5.3124854106e+00   5.3087197189e+00   1.0000000000e+00   1.8500000000e-04  -6.1699408173e-01   2.8262091086e-01   5.2015811173e-01
   5.3181339481e+00   5.3162511023e+00   1.0000000000e+00   1.8500000000e-04  -4.1222032943e-01   5.8591598068e-02   5.9189219667e-01
   5.3218996398e+00   5.3200167940e+00   1.0000000000e+00   1.8500000000e-04  -2.2658135269e-01   1.7440375575e-01   4.6262238337e-01
   5.3250180807e+00   5.3237824857e+00   1.0000000000e+00   1.8500000000e-04  -4.7878415757e-02   2.3242115734e-01   4.5955964519e-01
   5.3271170796e+00   5.3262536757e+00   1.0000000000e+00   1.8500000000e-04   1.4368350063e-01   2.8694117048e-01   4.0806313911e-01
   5.3289363681e+00   5.3279804836e+00   1.0000000000e+00   1.8500000000e-04   2.3159596961e-01   3.2957561655e-01   2.5194284834e-01
   5.3314152680e+00   5.3298922526e+00   1.0000000000e+00   1.8500000000e-04   1.4115843370e-01   3.4831366219e-01   2.4418441490e-01
   5.3341272104e+00   5.3329382835e+00   1.0000000000e+00   1.8500000000e-04  -1.1532996611e-01   2.8535221833e-01   4.3642759611e-01
   5.3363284440e+00   5.3353161373e+00   1.0000000000e+00   1.8500000000e-04  -2.8549644796e-01   2.0720841805e-01   7.4164699527e-01
   5.3383397353e+00   5.3373407506e+00   1.0000000000e+00   1.8500000000e-04  -4.8202348670e-01   9.4939394720e-02   7.3709653923e-01
   5.3405365244e+00   5.3393387201e+00   1.0000000000e+00   1.8500000000e-04  -6.3930394317e-01  -9.5494154869e-02   5.7385808692e-01
   5.3444286969e+00   5.3417343286e+00   1.0000000000e+00   1.8500000000e-04  -6.2095721738e-01  -2.8303086881e-01   3.7255351322e-01
   5.3494658916e+00   5.3471230651e+00   1.0000000000e+00   1.8500000000e-04  -4.4380670734e-01  -2.0291283638e-01   1.3060461185e-01
   5.3541515444e+00   5.3518087180e+00   1.0000000000e+00   1.8500000000e-04  -2.6640051827e-01  -9.7093462449e-02  -8.1685021731e-02
   5.3579078602e+00   5.3564943709e+00   1.0000000000e+00   1.8500000000e-04  -9.1819694336e-02  -4.1138001359e-01  -3.2583297661e-01
   5.3603526762e+00   5.3593213495e+00   1.0000000000e+00   1.8500000000e-04   1.3972129799e-01  -4.8757357071e-01  -6.0384422113e-01
   5.3623729457e+00   5.3613840028e+00   1.0000000000e+00   1.8500000000e-04   3.9912529515e-01  -4.6538842359e-01  -6.4017298657e-01
   5.3644941338e+00   5.3633618886e+00   1.0000000000e+00   1.8500000000e-04   6.3208652817e-01  -4.7442339248e-01  -5.6107928519e-01
   5.3672442223e+00   5.3656263790e+00   1.0000000000e+00   1.8500000000e-04   6.6559470805e-01  -5.7273048020e-01  -5.5213739488e-01
   5.3713746197e+00   5.3688620655e+00   1.0000000000e+00   1.8500000000e-04   8.8927356022e-01  -6.8657915181e-01  -3.6852898756e-01
   5.3763997281e+00   5.3738871739e+00   1.0000000000e+00   1.8500000000e-04   8.9979264552e-01  -8.2984576154e-01  -3.6237667864e-01
   5.3839373906e+00   5.3789122823e+00   1.0000000000e+00   1.8500000000e-04   9.4907548379e-01  -9.7676408615e-01  -3.7592526577e-01
   5.3958800412e+00   5.3889624990e+00   1.0000000000e+00   1.8500000000e-04   9.4337630534e-01  -1.0408176429e+00  -2.8237337163e-01
   5.4097151257e+00   5.4027975835e+00   1.0000000000e+00   1.8500000000e-04   7.5222467424e-01  -1.0412874511e+00  -6.7195736231e-02
   5.4247802168e+00   5.4166326679e+00   1.0000000000e+00   1.8500000000e-04   7.2832580153e-01  -1.0206708445e+00   1.2863484110e-01
   5.4382484001e+00   5.4329277657e+00   1.0000000000e+00   1.8500000000e-04   5.3163233606e-01  -9.7636221316e-01   3.1693812632e-01
   5.4471844115e+00   5.4435690345e+00   1.0000000000e+00   1.8500000000e-04   4.8394795980e-01  -8.8022157779e-01   5.1810065206e-01
   5.4565651665e+00   5.4507997884e+00   1.0000000000e+00   1.8500000000e-04   3.1098516461e-01  -6.7882407917e-01   6.1124210229e-01
   5.4659145379e+00   5.4623305447e+00   1.0000000000e+00   1.8500000000e-04   1.7214528283e-01  -4.7406865481e-01   5.2282282602e-01
   5.4742483963e+00   5.4694985311e+00   1.0000000000e+00   1.8500000000e-04  -3.7584979076e-02  -7.0968198384e-01   2.6118290866e-01
   5.4867500363e+00   5.4789982615e+00   1.0000000000e+00   1.8500000000e-04  -2.1909089547e-01  -8.6593957102e-01   8.6552184253e-02
   5.5072287621e+00   5.4945018111e+00   1.0000000000e+00   1.8500000000e-04  -3.7326084177e-01  -6.2117756823e-01  -1.1558353925e-01
   5.5263874508e+00   5.5199557131e+00   1.0000000000e+00   1.8500000000e-04  -6.0325671664e-01  -4.0225949737e-01  -2.7585945637e-01
   5.5397761509e+00   5.5328191885e+00   1.0000000000e+00   1.8500000000e-04  -7.0055377064e-01  -1.8723038717e-01  -2.5243687921e-01
   5.5565141254e+00   5.5467331132e+00   1.0000000000e+00   1.8500000000e-04  -6.1436002911e-01  -1.7206717774e-02  -6.3958986759e-02
   5.5823997447e+00   5.5662951375e+00   1.0000000000e+00   1.8500000000e-04  -4.9055651282e-01   1.2316311422e-01   1.2350800509e-01
   5.6341248138e+00   5.5985043519e+00   1.0000000000e+00   1.8500000000e-04  -3.2855094263e-01   2.7476126580e-01   3.0695960227e-01
   5.7053657376e+00   5.6697452757e+00   1.0000000000e+00   1.8500000000e-04  -2.2923531974e-01   4.0119820939e-01   5.4807080678e-01
   5.7703554068e+00   5.7409861995e+00   1.0000000000e+00   1.8500000000e-04  -4.1737485837e-01   4.8305684583e-01   8.0956382746e-01
   5.8589287703e+00   5.7997246142e+00   1.0000000000e+00   1.8500000000e-04  -6.3014391319e-01   5.5233838192e-01   1.0385844438e+00
   5.9576608660e+00   5.9181329264e+00   1.0000000000e+00   1.8500000000e-04  -6.8953737330e-01   6.1263838627e-01   1.0737230477e+00
   6.0244306533e+00   5.9971888056e+00   1.0000000000e+00   1.8500000000e-04  -5.8542076543e-01   6.7710464768e-01   1.3294361377e+00
   6.0918721148e+00   6.0516725010e+00   1.0000000000e+00   1.8500000000e-04  -3.7372758195e-01   7.2348260643e-01   1.3416974087e+00
   6.1703748906e+00   6.1320717285e+00   1.0000000000e+00   1.8500000000e-04  -1.7727922228e-01   7.7480299380e-01   1.4053330754e+00
   6.2469812150e+00   6.2086780528e+00   1.0000000000e+00   1.8500000000e-04  -1.3837198970e-01   8.2936223499e-01   1.3994604124e+00
   6.3235875394e+00   6.2852843772e+00   1.0000000000e+00   1.8500000000e-04  -1.8361798112e-01   8.8674870892e-01   1.1915809433e+00
   6.4001938637e+00   6.3618907015e+00   1.0000000000e+00   1.8500000000e-04  -4.2324645388e-01   9.5591197893e-01   1.1667234196e+00
   6.4829968445e+00   6.4384970258e+00   1.0000000000e+00   1.8500000000e-04  -6.2020880376e-01   9.5669850709e-01   9.6852606996e-01
   6.5719964821e+00   6.5274966633e+00   1.0000000000e+00   1.8500000000e-04  -7.2203935108e-01   8.9016327716e-01   9.2223617270e-01
   6.6609961195e+00   6.6164963008e+00   1.0000000000e+00   1.8500000000e-04  -7.4512502286e-01   8.4079329059e-01   7.5720141739e-01
   6.7499957569e+00   6.7054959382e+00   1.0000000000e+00   1.8500000000e-04  -6.9494670929e-01   7.9526282578e-01   6.1918152695e-01
   6.8366258355e+00   6.7944955757e+00   1.0000000000e+00   1.8500000000e-04  -3.6882155077e-01   7.5301712963e-01   4.0400768640e-01
   3.4393780476e+00   6.8787560953e+00   1.0000000000e+00   1.8500000000e-04   9.5519975612e-02   7.1541129607e-01   2.1553653372e-01